97.1982278992874 
39.33180596787132 
142.94840387906783 
92.05027204928267 
39.55324541116419 
149.8863607029253 
189.68093031698248 
68.85019064173507 
50.55420838891328 
31.315470812733196 
17.601339180175454 
94.68908550577815 
50.372227944107685 
203.2485310498798 
167.24685732265388 
87.02357594590886 
88.27614672333064 
58.87944895267723 
57.00651505518261 
13.021425493711783 
67.23017495059969 
38.092880868885146 
28.890666357555006 
13.730920986701257 
259.9231567055331 
73.58228468352478 
106.24283033412284 
42.86523196601626 
49.909854109849995 
73.0354815118948 
103.74824057709239 
234.54393663855365 
56.50423947189818 
161.0116764178858 
18.50372559028259 
36.53391216250255 
70.87236254657184 
132.22382660449549 
76.91066902385852 
174.02115310325416 
208.48241801091186 
251.72036133986214 
79.84814490785799 
194.5612059338288 
80.39326352510004 
128.36680835910252 
55.00197813740514 
40.77518559655506 
135.71982747977862 
178.59675225722336 
57.48972685993191 
296.3694845286133 
28.13239559840538 
39.449300648056564 
80.29561415516224 
66.77979963956327 
31.10875936843989 
63.68919601460721 
79.16764294564643 
35.545940520674854 
67.05468191347585 
57.341323538649974 
173.55812681629385 
41.61881767148886 
104.29425979808347 
30.889895645690313 
46.707623259642176 
149.32689005854505 
268.5718211452056 
180.05287079940396 
58.99912600946001 
24.09184189896056 
10.644000404867906 
33.14829371387652 
11.484723890619405 
84.89889148927458 
178.89792348721164 
145.65900629682247 
16.403558331488583 
18.92625261659501 
55.617276111174675 
343.19234249769823 
112.39171591292683 
41.27474161139096 
245.61550158761224 
155.6001860379974 
11.695086513651153 
134.99338831078782 
50.0689851682495 
81.92776552840947 
130.07163657309349 
124.01736263501249 
62.05203937239905 
38.71803567054492 
23.769986752513468 
57.293075953269664 
13.09405965239071 
90.1035090696955 
24.328616991632355 
70.99752036212867 
92.0909225944304 
30.706334846326058 
113.02554843104525 
64.95603809651251 
175.16898692247602 
76.77549880221876 
83.20727879794082 
99.49102038903331 
72.33804569079423 
71.03925173635653 
77.85541329653978 
63.25605832154205 
31.947807616523203 
44.106497098071294 
129.3050253597469 
33.838498546523134 
48.93482921933802 
105.72294139317394 
26.963190490940775 
52.87829516095874 
300.3020767143949 
51.253404146845014 
88.13098173091329 
172.69710509001465 
261.1965225753267 
85.91900846650672 
84.10829822091175 
117.05189523582476 
116.60512966380956 
59.301402253584875 
80.78388365391173 
133.06779350665488 
51.777599574274305 
78.09700893113286 
298.20756024678013 
259.43143775542444 
15.603328847703226 
27.002125616463744 
100.99384287113935 
149.02576317048897 
165.17801748751972 
147.87846276241274 
46.5993697463562 
264.66418894814063 
119.10774919911663 
126.73461036241001 
34.420644802384665 
82.3308985939598 
88.93653971560579 
73.09780594560856 
