16.532136127865634
16.006044227903
41.78463217428272
16.270000372387393
13.436098300705723
33.090774759870534
28.869015552817814
32.81819808362439
15.622419060110555
17.087764919627638
16.22183721930477
68.80428529318344
26.888373128438573
49.73957347579683
30.674768567878086
16.91205118490397
34.35698456111435
22.963993558310346
27.704601672353725
23.73456299937542
43.57955070218862
20.234010341317333
19.83771764450936
56.20203177029649
48.46868681092266
19.24972708148004
26.331962348883874
22.750257204497725
25.82129988591979
12.188746964253639
22.50389820550757
60.739956211641825
16.406123686762044
46.84335568549403
22.47586604663656
13.047452846697029
41.81132734416157
74.98838401790219
16.36571376922242
76.05231866945631
26.892318999998825
51.120678235951495
43.65196911677992
43.3682000819349
27.22514576823534
20.316516518227214
19.818388585550103
23.62294172203888
65.5818063601389
44.32132080046971
30.53890768773712
76.79464323849999
29.51773903960371
19.825445249119557
22.72227635030711
38.90748780546995
23.486058967009527
47.81795944501474
20.68120248601999
21.797023258534356
31.461810352307737
30.774162360880485
54.09809386532998
30.224685546634657
27.89928977610329
23.74253018203691
21.44308479258573
21.98888773270944
25.430212037666998
72.50348518065016
39.15280268310417
17.44928860397261
18.045689685887567
16.2849715522647
22.683429282437537
26.3585103695201
42.033127402241476
40.74593038125385
18.472530992853788
34.05899156424736
13.336491869283028
113.66915029706402
28.342219019215396
21.36569972499614
18.015548529364462
57.483113529825864
15.578858777427698
78.69173773640435
21.5691940095537
74.90460871724693
122.04693066442096
17.19273867877318
34.53554934838587
21.817536137360687
45.64156727208989
65.38071793831895
50.55875892339782
20.735752157783068
17.96480736153488
31.76061198027052
54.0528006344896
17.48053606037652
53.40566782946151
78.56298100136458
98.29583678308441
14.611428055378859
25.537176860527666
65.756969826318
21.11704057887469
23.776628307519477
15.468153561821726
24.277378653179973
18.819663876946986
28.33343186704217
18.444698309279424
15.472641403259173
23.59794599777372
35.301034553175214
21.32676759663346
24.71337948677927
60.57609334382239
26.79088561150016
30.353719441074162
78.32251050975451
13.945509294219894
19.675454538383114
18.00150183274548
44.182668078007296
67.18883175874386
17.249897115251944
28.927347550773753
52.257357998970114
70.32589087223995
16.54332551298941
40.87166439169443
49.50345045339031
17.415636670975918
17.594724900128345
51.33736303926026
49.85028999708776
30.201739411266054
47.00893172556623
22.066260103354963
51.48573103482721
48.02836712859464
75.31001688229114
17.40668542363966
30.661051796253993
19.251284392197512
29.69242055101898
