21.860812712125124
14.817881951413565
42.28878346289284
18.43159877632487
25.531141119407227
27.957296909924274
12.176464293571756
37.00588539714759
23.3357072035142
17.370493389788695
20.77081374602227
63.2079082725902
27.65280480519328
41.2713548112526
18.94797911509609
19.50790354650464
32.566927025872324
22.34014266955918
21.372727999215094
25.574201921543434
44.414657436609176
22.60715419218174
21.811590156974702
55.03569916704838
17.284229330874144
25.263843635729295
27.32699347102713
23.963148123555236
27.59273320625522
16.82445905708704
26.543440705055954
81.9098645692956
28.179969608922047
37.517751240419024
21.39380637997133
11.1207852918728
42.089794095558474
75.26799231917853
14.618956548310608
73.15272542851186
33.596077602136894
19.772210831347422
43.141797248536506
25.574665485548675
23.79395773668454
18.77485784645593
22.54470330490331
19.582461293593873
61.39712470993317
36.07006084813528
31.70557952518954
41.78996868847296
22.09444979104002
20.626074334420736
20.87268763548232
37.69667598253287
22.51768761346453
52.744023146281826
23.620679476567112
19.61863869952287
31.815996622798856
34.760762854363946
57.26851772435571
30.726392393654642
22.31534084806238
20.364195740185245
26.61848989471979
44.765650372246476
20.859198151458607
64.12378259928215
34.5057624026011
17.020908271060865
33.193429291764794
18.453346784441294
23.266399351631463
26.775744684760166
32.529835511839
29.36230492030304
14.741959221349262
17.743002215812
19.868102876881217
113.23921000575949
25.207611181102923
22.444724096388423
35.68993848665849
56.37919718729019
15.34595666182594
64.23997666596955
18.846309809816322
67.25822948154486
120.12500660281829
23.33037617876338
37.19991870940836
23.224086756373698
47.686212894762974
65.57560418576058
52.6283427758112
12.573778544306853
16.483393959084268
41.62508916098609
41.86539709416272
18.231801575154897
57.82495885331363
78.08196740450971
96.87709297615966
17.10722473098964
22.977080993878097
33.0219760164473
15.693534694466166
18.4118851036159
20.120035556493363
31.007042363181952
21.225116555024243
36.82492992993256
19.885610377950318
13.54225335783212
20.99723768116197
41.84963929655909
23.91632110286124
26.293407817696266
61.188593263451516
26.98263296363588
34.75285241735756
58.82162712326216
33.65290276715021
16.249951559970032
21.50566673483763
54.730506808722325
68.63901003445864
18.722847146129705
29.11021626542783
52.12317271644097
60.64193424117717
17.316296042308817
47.20325877083327
48.37252441221242
17.228246074692436
16.011882432663636
49.2017339882528
41.9181449003136
35.64914826112561
46.604051296615445
20.877639957626972
45.24162318273697
48.912181591970786
73.42236641761816
18.479962852389413
30.682409366212028
19.002871164637373
38.22858436626745
