17.87901975275934
16.711822934041837
39.32460274620803
19.689645579557894
19.973507583861895
26.646126548991308
29.866347098621365
33.64572845541833
27.96300784326182
19.48733418260841
21.690200061147596
65.0260743597419
25.63803620845237
46.71888756982668
11.92395615629883
21.10944888229391
32.42842478361902
22.37669165229232
22.348945904526623
24.99885476786341
42.96672519889553
16.048135582792472
22.800952944866637
55.1918580814036
60.01772906264968
22.145837521443376
27.85452624222912
19.721475033564705
25.374541751316794
11.40152228995799
27.125948429215565
68.27515276831404
32.43486357756516
48.332465252426395
23.172620250502966
14.865940747843656
42.168198826504465
77.13097819287326
15.019453010496864
49.28606823009705
44.902365692669456
30.95250051618249
42.44797320408041
22.319518693130405
23.60365634103631
27.226667158380756
24.470295748896405
22.605403671704995
63.571794307621914
37.06705437403778
32.861330759495786
39.227692537490135
7.930778737535405
17.94766939610632
22.6268912840411
38.249483439857734
23.89543833506774
24.820231691445333
22.419754553852023
17.268547696810245
32.279401586543635
32.99638787143528
59.48414054125196
17.03481781573038
26.082135512544323
22.64830033906192
25.065361515678067
35.493385949874465
41.757795512859516
62.162248658943525
36.700179590225304
20.365419886564013
35.47267039480031
18.808937335622616
24.682451800947746
28.098585363892678
37.38937315551872
29.29363140774635
17.55638001959269
26.701844398218423
20.660491973539845
114.2118029012397
30.57403459491245
22.310030832477604
35.210619636157844
54.06069857594676
14.572337323207082
84.6819415535185
17.022920104753684
70.778636036945
128.17513309476217
21.51465725913061
36.66054167556024
20.249302810630706
46.48170454477172
66.82976687414404
51.678859986494025
14.383523319854204
16.497354718783804
26.556032910431348
26.205781340258163
18.53788838143298
60.179278699435265
78.44902581308573
98.6886382235486
16.414169967182517
23.515023996911946
73.81040184043698
11.319933944780972
17.831357154974448
22.06854629386241
34.76797566439967
18.384978174693604
18.68134737188769
23.342624549390955
15.5205147535975
25.388108653314443
14.119295091349061
16.225247872638505
26.585193359158502
53.83118087811809
26.600415885740198
18.687057759117696
75.8892796420981
36.393828469862626
14.862127577546529
25.650138143813024
45.2793942308344
64.16843359391514
18.875778091894063
27.12768169725401
50.78279374043045
36.57843579839858
18.259615955822074
19.168315549499876
56.08954994220813
16.90150562074166
16.58383657854233
51.32036525714914
46.94103364427681
25.80137207986899
45.9312799537497
12.650926790645409
28.234187873315985
50.77792353275094
75.93542959059351
19.205398717195006
31.801652488220434
31.09684636757082
46.8599893158155
