15207.750792864023
14831.353365242196
4418.301910682038
6138.366722250034
8984.686511075779
5084.517238310117
2769.47126201145
4536.398534346333
5976.770478153042
16086.826411463893
12691.708788958664
2686.661455803563
5453.539361796072
3525.606537255179
5305.660201211504
10780.345814306886
6534.656896821574
14055.00375427639
9109.689607287748
15531.955033938964
6832.785687335963
13103.138816935072
8245.342314797821
4383.218120804103
2003.9914846834943
8010.327544506838
7237.316069357647
7639.919708002821
9869.367756278129
6741.9294993823705
8693.955090495876
1614.5987242331908
6415.944615759035
3190.0216316500346
15404.459613096285
11645.468328820927
4943.51261319877
6146.539017157808
11205.731989057587
1838.405056143251
3703.2594633254207
3117.3179994673733
7286.652203559513
2884.960838897451
8202.497253476571
6881.156655445995
6794.640494829754
11636.196477780868
3347.4482343133395
3511.824980677483
8989.961886731975
1136.1091648852257
6942.690559907274
11599.943401762117
6737.483039120764
11151.569527722837
9985.96936596501
3216.52238279713
10364.080424258644
13765.997042269455
8638.616129446338
7047.2358627886915
5172.944021630292
11307.391691193774
10287.160945056663
9953.457712560346
6061.508639034741
3681.5499579670577
2953.9552378634576
2878.397734685493
3592.855383060738
9261.19639171787
3367.5699861364897
15640.698538864046
4852.298154226521
5938.884846471759
5886.467477112212
2940.09199457351
10357.2608294824
8294.421475889845
7329.449814712706
2023.1980492852188
3104.979559326496
12058.951979671298
3936.0673112834625
5585.377690014925
21879.534835604376
3206.5579594565893
13520.905563165275
3054.9160060638937
2311.3280658011745
7929.026101238352
11187.87821917979
8106.130838014803
5794.344656707813
1488.5956331308864
5149.920383393407
5965.948671653086
16808.616608553846
3950.518585319277
2214.987685916563
16318.553650836844
4972.253906285533
2418.9866287039013
2973.992979208654
8766.085220081031
10961.357676940504
1727.849655906952
5913.879810041745
7221.899462581787
7939.038813102679
4457.145233489321
9428.01899119368
7102.278626829281
9484.19804196707
10345.49626572981
6169.631128293675
2779.847047775459
7746.251179361388
7463.933345840371
2077.122216010809
17087.356301462572
5051.5132159865525
2271.253495041076
3170.7692196815565
12358.41586768419
5051.939456415221
3646.9255067454556
2872.59535872776
8049.24824442254
7777.281668728586
2991.8977238011
3247.8335467946613
11411.272975099826
2692.363362684329
3721.510688321039
26309.104840375116
8853.33218869559
5704.940041775401
4450.291602871602
7293.843030315254
4828.705537239238
4394.754969293262
2037.5397614602957
5025.558797146076
5089.946496609469
6654.968561204803
11272.515052652603
3397.0717481739052
4858.377214847828
