0.000000000000000000e+00,0.000000000000000000e+00,0.000000000000000000e+00
1.000000000000000021e-02,4.315823507193238839e+01,9.262723667911533152e-05
2.000000000000000042e-02,8.697326782196591921e+01,3.687646345399072127e-04
2.999999999999999889e-02,1.314380808690900153e+02,8.257990389446493709e-04
4.000000000000000083e-02,1.765456715396055358e+02,1.461116801599701915e-03
5.000000000000000278e-02,2.222890546596182446e+02,2.272098329667990128e-03
5.999999999999999778e-02,2.686612652707787561e+02,3.256113409044952573e-03
7.000000000000000666e-02,3.156553612671090150e+02,4.410517243551573957e-03
8.000000000000000167e-02,3.632644259510131519e+02,5.732647155057593938e-03
8.999999999999999667e-02,4.114815705068228908e+02,7.219819892617313981e-03
1.000000000000000056e-01,4.602999363904782513e+02,8.869329501597782855e-03
1.100000000000000006e-01,5.097126976341845648e+02,1.067844570652160333e-02
1.199999999999999956e-01,5.597130630651251977e+02,1.264441276394689777e-02
1.300000000000000044e-01,6.102942784375370593e+02,1.476444874417892107e-02
1.400000000000000133e-01,6.614496284776753328e+02,1.703574520295988992e-02
1.499999999999999944e-01,7.131724388414094165e+02,1.945546720652721259e-02
1.600000000000000033e-01,7.654560779843974387e+02,2.202075367557092267e-02
1.700000000000000122e-01,8.182939589449705409e+02,2.472871801566728714e-02
1.799999999999999933e-01,8.716795410400612809e+02,2.757644900372192842e-02
1.900000000000000022e-01,9.256063314746726292e+02,3.056101190182821878e-02
2.000000000000000111e-01,9.800678868655517135e+02,3.367944977173798621e-02
2.099999999999999922e-01,1.035057814679893681e+03,3.692935018892596483e-02
2.200000000000000011e-01,1.090569774590046791e+03,4.030720165795623894e-02
2.300000000000000100e-01,1.146597479745315695e+03,4.380994454847483843e-02
2.399999999999999911e-01,1.203134697962102564e+03,4.743449237316660350e-02
2.500000000000000000e-01,1.260175252833724244e+03,5.117773351329339693e-02
2.600000000000000089e-01,1.317713024761368843e+03,5.503653310382280311e-02
2.700000000000000178e-01,1.375741951907727525e+03,5.900773505444821543e-02
2.800000000000000266e-01,1.434256031074959083e+03,6.308816418447718566e-02
2.899999999999999800e-01,1.493249318508682109e+03,6.727462845116534418e-02
2.999999999999999889e-01,1.552715930629794912e+03,7.156392125259850023e-02
3.099999999999999978e-01,1.612650044695964880e+03,7.595426891457178475e-02
3.200000000000000067e-01,1.673045899394685875e+03,8.044103939353108856e-02
3.300000000000000155e-01,1.733897795369845653e+03,8.502088899973296587e-02
3.400000000000000244e-01,1.795200095683789868e+03,8.969045270002172499e-02
3.500000000000000333e-01,1.856947226216881290e+03,9.444634668538426370e-02
3.599999999999999867e-01,1.919133676006600126e+03,9.928517099870236284e-02
3.699999999999999956e-01,1.981753997528227274e+03,1.042035122053339563e-01
3.800000000000000044e-01,2.044802806919160503e+03,1.091979460905988936e-01
3.900000000000000133e-01,2.108274784148949493e+03,1.142650403696231776e-01
4.000000000000000222e-01,2.172164673137079262e+03,1.194013573962915131e-01
4.100000000000000311e-01,2.236467281820585413e+03,1.246055998767973683e-01
4.199999999999999845e-01,2.301177482173520275e+03,1.298721813214400722e-01
4.299999999999999933e-01,2.366290210180315626e+03,1.351975129409099252e-01
4.400000000000000022e-01,2.431800465765029458e+03,1.405779956664519881e-01
4.500000000000000111e-01,2.497703312678476323e+03,1.460100230943883470e-01
4.600000000000000200e-01,2.563993878345184385e+03,1.514899844108381910e-01
4.700000000000000289e-01,2.630667353672108220e+03,1.570142672857190169e-01
4.799999999999999822e-01,2.697718992820995481e+03,1.625792607262387390e-01
4.899999999999999911e-01,2.765144112946247333e+03,1.681813578811392484e-01
5.000000000000000000e-01,2.832938093900110289e+03,1.738169587879422884e-01
5.100000000000000089e-01,2.901096377906949328e+03,1.794847543416364932e-01
5.200000000000000178e-01,2.969614469208384889e+03,1.851788405036249585e-01
5.300000000000000266e-01,3.038487933680926744e+03,1.908954990650453543e-01
5.400000000000000355e-01,3.107712398427805965e+03,1.966310178021525579e-01
5.500000000000000444e-01,3.177283551346574768e+03,2.023816932843064964e-01
5.600000000000000533e-01,3.247197140674054026e+03,2.081438336077691686e-01
5.700000000000000622e-01,3.317448974510115022e+03,2.139137610503018261e-01
5.799999999999999600e-01,3.388034920321781556e+03,2.196878146422936995e-01
5.899999999999999689e-01,3.458950904429053480e+03,2.254623526508453546e-01
5.999999999999999778e-01,3.530192911473819549e+03,2.312337549738622822e-01
6.099999999999999867e-01,3.601756983873187437e+03,2.369997784127617080e-01
6.199999999999999956e-01,3.673639221258498310e+03,2.427554575424707151e-01
6.300000000000000044e-01,3.745835779901248316e+03,2.484971613847914707e-01
6.400000000000000133e-01,3.818342872127103419e+03,2.542212845918054853e-01
6.500000000000000222e-01,3.891156765719127179e+03,2.599242495930710328e-01
6.600000000000000311e-01,3.964273783311326497e+03,2.656025086462693863e-01
6.700000000000000400e-01,4.037690301773527153e+03,2.712525457908443460e-01
6.800000000000000488e-01,4.111402751588620049e+03,2.768708787045550679e-01
6.900000000000000577e-01,4.185407616223069454e+03,2.824540604632090890e-01
7.000000000000000666e-01,4.259701431491664152e+03,2.879986812041414601e-01
7.099999999999999645e-01,4.334280784917321398e+03,2.935005384479897894e-01
7.199999999999999734e-01,4.409142315086803137e+03,2.989571652236506227e-01
7.299999999999999822e-01,4.484282711003123040e+03,3.043653255412632208e-01
7.399999999999999911e-01,4.559698711435392397e+03,3.097218281960595898e-01
7.500000000000000000e-01,4.635387104266816095e+03,3.150235278487973911e-01
7.600000000000000089e-01,4.711344725841518994e+03,3.202673260198510286e-01
7.700000000000000178e-01,4.787568460310835690e+03,3.254501719991481634e-01
7.800000000000000266e-01,4.864055238979664864e+03,3.305690636742358302e-01
7.900000000000000355e-01,4.940802039653461179e+03,3.356210482788284932e-01
8.000000000000000444e-01,5.017805885986417707e+03,3.406032230642513925e-01
8.100000000000000533e-01,5.095063846831316368e+03,3.455088742678150138e-01
8.200000000000000622e-01,5.172573035591543885e+03,3.503392385008772814e-01
8.300000000000000711e-01,5.250330609575719791e+03,3.550918116288314663e-01
8.399999999999999689e-01,5.328333769355353979e+03,3.597641480668463121e-01
8.499999999999999778e-01,5.406579758125917579e+03,3.643538606424013282e-01
8.599999999999999867e-01,5.485065861071690051e+03,3.688586204060171903e-01
8.699999999999999956e-01,5.563789404734775417e+03,3.732761563930762638e-01
8.800000000000000044e-01,5.642747756388503149e+03,3.776042553395617118e-01
8.900000000000000133e-01,5.721938323415624836e+03,3.818407613544518853e-01
9.000000000000000222e-01,5.801358552691485784e+03,3.859835755514219313e-01
9.100000000000000311e-01,5.881005929972488047e+03,3.900238974439741990e-01
9.200000000000000400e-01,5.960877979290029543e+03,3.939668372615441339e-01
9.300000000000000488e-01,6.040972262350159326e+03,3.978108884460601624e-01
9.400000000000000577e-01,6.121286377939130034e+03,4.015546075230406742e-01
9.500000000000000666e-01,6.201817961335055770e+03,4.051966129027057550e-01
9.599999999999999645e-01,6.282564683725756367e+03,4.087355836734509751e-01
9.699999999999999734e-01,6.363524251633047243e+03,4.121702583898715355e-01
9.799999999999999822e-01,6.444694406343487572e+03,4.154994338574060642e-01
9.899999999999999911e-01,6.526072923345786876e+03,4.187219639155165263e-01
1.000000000000000000e+00,6.607657611774937322e+03,4.218367582212028677e-01
1.010000000000000009e+00,6.689446313863141768e+03,4.248343644270830555e-01
1.020000000000000018e+00,6.771436904397670332e+03,4.277226666478088912e-01
1.030000000000000027e+00,6.853627290185630955e+03,4.305012574632713362e-01
1.040000000000000036e+00,6.936015409525791256e+03,4.331697869130766154e-01
1.050000000000000044e+00,7.018599231687432621e+03,4.357279606283040452e-01
1.060000000000000053e+00,7.101376756396299243e+03,4.381755379943766959e-01
1.070000000000000062e+00,7.184346013327653964e+03,4.405123303459131945e-01
1.080000000000000071e+00,7.267505061606474555e+03,4.427381991943137862e-01
1.090000000000000080e+00,7.350851989314781349e+03,4.448530544887122073e-01
1.100000000000000089e+00,7.434384913006100760e+03,4.468568529108203347e-01
1.110000000000000098e+00,7.518101977227057432e+03,4.487413776010807376e-01
1.120000000000000107e+00,7.602001354046096822e+03,4.505153533724602366e-01
1.130000000000000115e+00,7.686081242589290014e+03,4.521793736902738337e-01
1.140000000000000124e+00,7.770339868583214411e+03,4.537340760579527399e-01
1.150000000000000133e+00,7.854775483904883004e+03,4.551801399486799515e-01
1.159999999999999920e+00,7.939386366138672201e+03,4.565182847919622144e-01
1.169999999999999929e+00,8.024170818140213669e+03,4.577492680147751680e-01
1.179999999999999938e+00,8.109127167607218325e+03,4.588738831368311955e-01
1.189999999999999947e+00,8.194253766657155211e+03,4.598929579194626638e-01
1.199999999999999956e+00,8.279548991411738825e+03,4.608073525675440152e-01
1.209999999999999964e+00,8.365011241588224948e+03,4.616116041162053318e-01
1.219999999999999973e+00,8.450638940097347586e+03,4.623133560131750253e-01
1.229999999999999982e+00,8.536430532647951622e+03,4.629139446443600869e-01
1.239999999999999991e+00,8.622384487358158367e+03,4.634147335505254262e-01
1.250000000000000000e+00,8.708499294373066732e+03,4.638171115476832362e-01
1.260000000000000009e+00,8.794773465488884540e+03,4.641224909095332252e-01
1.270000000000000018e+00,8.881205533783426290e+03,4.643323056108112912e-01
1.280000000000000027e+00,8.967794053252911908e+03,4.644480096303643668e-01
1.290000000000000036e+00,9.054537598454971885e+03,4.644710753127595515e-01
1.300000000000000044e+00,9.141434764157831523e+03,4.644029917872088964e-01
1.310000000000000053e+00,9.228484164995514220e+03,4.642416365431570324e-01
1.320000000000000062e+00,9.315684435129083795e+03,4.639923716803889819e-01
1.330000000000000071e+00,9.403034227913758514e+03,4.636569487506032039e-01
1.340000000000000080e+00,9.490532215571884080e+03,4.632371304123115707e-01
1.350000000000000089e+00,9.578177088871645537e+03,4.627346889630767901e-01
1.360000000000000098e+00,9.665967556811450777e+03,4.621514049282200443e-01
1.370000000000000107e+00,9.753902346309901986e+03,4.614890657045961908e-01
1.380000000000000115e+00,9.841980201901287728e+03,4.607494642580095556e-01
1.390000000000000124e+00,9.930199885436479235e+03,4.599343978728869242e-01
1.400000000000000133e+00,1.001856017578920546e+04,4.590456669528049094e-01
1.409999999999999920e+00,1.010705986856755044e+04,4.580841178456604434e-01
1.419999999999999929e+00,1.019569777583066934e+04,4.570525682901868114e-01
1.429999999999999938e+00,1.028447272581060497e+04,4.559528793557284798e-01
1.439999999999999947e+00,1.037338356263907008e+04,4.547869107941040490e-01
1.449999999999999956e+00,1.046242914607926286e+04,4.535565200414398146e-01
1.459999999999999964e+00,1.055160835126246639e+04,4.522635612643348124e-01
1.469999999999999973e+00,1.064092006842945193e+04,4.509098844490360136e-01
1.479999999999999982e+00,1.073036320267662086e+04,4.494973345323424185e-01
1.489999999999999991e+00,1.081993667370668845e+04,4.480277505729536314e-01
1.500000000000000000e+00,1.090963941558400984e+04,4.465029649620290142e-01
1.510000000000000009e+00,1.099947037649429330e+04,4.449258463996547674e-01
1.520000000000000018e+00,1.108942851850876104e+04,4.432971030416153480e-01
1.530000000000000027e+00,1.117951281735259181e+04,4.416184797838446641e-01
1.540000000000000036e+00,1.126972226217763273e+04,4.398917123240137506e-01
1.550000000000000044e+00,1.136005585533924022e+04,4.381185265785311755e-01
1.560000000000000053e+00,1.145051261217727551e+04,4.363006381303996539e-01
1.570000000000000062e+00,1.154109156080103821e+04,4.344397517068920855e-01
1.580000000000000071e+00,1.163179174187824356e+04,4.325375606860369371e-01
1.590000000000000080e+00,1.172261220842779767e+04,4.305957466309346948e-01
1.600000000000000089e+00,1.181355202561642363e+04,4.286159788509381618e-01
1.610000000000000098e+00,1.190461027055904378e+04,4.266020964629874679e-01
1.620000000000000107e+00,1.199578603212277085e+04,4.245534228660499121e-01
1.630000000000000115e+00,1.208707841073457712e+04,4.224714565801730992e-01
1.640000000000000124e+00,1.217848651819245970e+04,4.203576831248557744e-01
1.650000000000000133e+00,1.227000947748008548e+04,4.182135747474138854e-01
1.660000000000000142e+00,1.236164642258484491e+04,4.160405901705179765e-01
1.669999999999999929e+00,1.245339649831928728e+04,4.138401743581872627e-01
1.679999999999999938e+00,1.254525886014577918e+04,4.116137582995474387e-01
1.689999999999999947e+00,1.263723267400442819e+04,4.093627588096626635e-01
1.699999999999999956e+00,1.272931711614415508e+04,4.070885783467960151e-01
1.709999999999999964e+00,1.282151137295687658e+04,4.047951855078684158e-01
1.719999999999999973e+00,1.291381464081472586e+04,4.024812082288176107e-01
1.729999999999999982e+00,1.300622612591027064e+04,4.001478496310891253e-01
1.739999999999999991e+00,1.309874504409963265e+04,3.977962990042046565e-01
1.750000000000000000e+00,1.319137062074850473e+04,3.954277317383390056e-01
1.760000000000000009e+00,1.328410209058100372e+04,3.930433092673665252e-01
1.770000000000000018e+00,1.337693869753126819e+04,3.906441790219184473e-01
1.780000000000000027e+00,1.346987969459774649e+04,3.882314743920225464e-01
1.790000000000000036e+00,1.356292434370019328e+04,3.858063146989008096e-01
1.800000000000000044e+00,1.365607191553925259e+04,3.833698051755218827e-01
1.810000000000000053e+00,1.374932168945858939e+04,3.809255226025007324e-01
1.820000000000000062e+00,1.384267295330957677e+04,3.784718983369952938e-01
1.830000000000000071e+00,1.393612500331837327e+04,3.760098459777846958e-01
1.840000000000000080e+00,1.402967714395549592e+04,3.735402662636101989e-01
1.850000000000000089e+00,1.412332868780768695e+04,3.710640471227474868e-01
1.860000000000000098e+00,1.421707895545217434e+04,3.685820637272346212e-01
1.870000000000000107e+00,1.431092727533314428e+04,3.660951785515085266e-01
1.880000000000000115e+00,1.440487298364050002e+04,3.636042414352025354e-01
1.890000000000000124e+00,1.449891542419077632e+04,3.611100896498817270e-01
1.900000000000000133e+00,1.459305394831022750e+04,3.586135479694834149e-01
1.910000000000000142e+00,1.468728791471998375e+04,3.561175653604815583e-01
1.919999999999999929e+00,1.478161668942333563e+04,3.536206666515580022e-01
1.929999999999999938e+00,1.487603964559497035e+04,3.511235114063423479e-01
1.939999999999999947e+00,1.497055616347225441e+04,3.486267481733681395e-01
1.949999999999999956e+00,1.506516563024843890e+04,3.461310145914157088e-01
1.959999999999999964e+00,1.515986743996773475e+04,3.436369374960147050e-01
1.969999999999999973e+00,1.525466099342237794e+04,3.411451330269835713e-01
1.979999999999999982e+00,1.534954569805139181e+04,3.386562067364342066e-01
1.989999999999999991e+00,1.544452096784121932e+04,3.361707536997842749e-01
2.000000000000000000e+00,1.553958622322811971e+04,3.336893586232942965e-01
2.010000000000000231e+00,1.563474089100232777e+04,3.312143015959150283e-01
2.020000000000000018e+00,1.572998440421380110e+04,3.287443300175242333e-01
2.030000000000000249e+00,1.582531620207975539e+04,3.262798959613852356e-01
2.040000000000000036e+00,1.592073572989376771e+04,3.238214425842603772e-01
2.049999999999999822e+00,1.601624243893648054e+04,3.213694042493263070e-01
2.060000000000000053e+00,1.611183578638792278e+04,3.189242066483623517e-01
2.069999999999999840e+00,1.620751523524126242e+04,3.164862669231670034e-01
2.080000000000000071e+00,1.630328025421822167e+04,3.140559937861669981e-01
2.089999999999999858e+00,1.639913031768584551e+04,3.116337876401836238e-01
2.100000000000000089e+00,1.649506490557477446e+04,3.092200406973245608e-01
2.109999999999999876e+00,1.659108350329893074e+04,3.068164294118019275e-01
2.120000000000000107e+00,1.668718560167660326e+04,3.044219529479941233e-01
2.129999999999999893e+00,1.678337069685290408e+04,3.020369022972907991e-01
2.140000000000000124e+00,1.687963829022357095e+04,2.996615615346778783e-01
2.149999999999999911e+00,1.697598788836005042e+04,2.972962079380180311e-01
2.160000000000000142e+00,1.707241900293593426e+04,2.949411121057369245e-01
2.169999999999999929e+00,1.716893115065458915e+04,2.925965380729185217e-01
2.180000000000000160e+00,1.726552385317811058e+04,2.902627434258152062e-01
2.189999999999999947e+00,1.736219663705740822e+04,2.879399794147772251e-01
2.200000000000000178e+00,1.745894903366355720e+04,2.856284910656072817e-01
2.209999999999999964e+00,1.755578057912029180e+04,2.833294588953580440e-01
2.220000000000000195e+00,1.765269081423761963e+04,2.810421122463741539e-01
2.229999999999999982e+00,1.774967928444661447e+04,2.787666218087263559e-01
2.240000000000000213e+00,1.784674553973530055e+04,2.765031530934669579e-01
2.250000000000000000e+00,1.794388913458558454e+04,2.742518665381932230e-01
2.260000000000000231e+00,1.804110962791130078e+04,2.720129176107497493e-01
2.270000000000000018e+00,1.813840658299726783e+04,2.697864569110957622e-01
2.280000000000000249e+00,1.823577956743938921e+04,2.675726302713626326e-01
2.290000000000000036e+00,1.833322815308571444e+04,2.653715788541211040e-01
2.300000000000000266e+00,1.843075191597859521e+04,2.631834392488917040e-01
2.310000000000000053e+00,1.852835043629763459e+04,2.610090086679488497e-01
2.319999999999999840e+00,1.862602329830373856e+04,2.588477058373110373e-01
2.330000000000000071e+00,1.872377009028405155e+04,2.566996144379812272e-01
2.339999999999999858e+00,1.882159040449773238e+04,2.545648143970339894e-01
2.350000000000000089e+00,1.891948383712276700e+04,2.524433819759996922e-01
2.359999999999999876e+00,1.901744998820350520e+04,2.503353898574375846e-01
2.370000000000000107e+00,1.911548846159918321e+04,2.482409072297338259e-01
2.379999999999999893e+00,1.921359886493321028e+04,2.461599998701528291e-01
2.390000000000000124e+00,1.931178080954334291e+04,2.440927302261754195e-01
2.399999999999999911e+00,1.941003391043261217e+04,2.420391574951560043e-01
2.410000000000000142e+00,1.950835778622115322e+04,2.399997951935357865e-01
2.419999999999999929e+00,1.960675205909864235e+04,2.379742084882907893e-01
2.430000000000000160e+00,1.970521635477774544e+04,2.359624199597867289e-01
2.439999999999999947e+00,1.980375030244807203e+04,2.339644495587744621e-01
2.450000000000000178e+00,1.990235353473105351e+04,2.319803146776928671e-01
2.459999999999999964e+00,2.000102568763546151e+04,2.300100302203581526e-01
2.470000000000000195e+00,2.009976640051367576e+04,2.280536086700749587e-01
2.479999999999999982e+00,2.019857531601862138e+04,2.261110601562015543e-01
2.490000000000000213e+00,2.029745208006142275e+04,2.241823925191983591e-01
2.500000000000000000e+00,2.039639634176972322e+04,2.222676113741952064e-01
2.510000000000000231e+00,2.049540775344665235e+04,2.203670270962315159e-01
2.520000000000000018e+00,2.059448597053048070e+04,2.184803137629209580e-01
2.530000000000000249e+00,2.069363065155487129e+04,2.166074523543456698e-01
2.540000000000000036e+00,2.079284145810977134e+04,2.147484220831657187e-01
2.550000000000000266e+00,2.089211805480297335e+04,2.129032004506118680e-01
2.560000000000000053e+00,2.099146010922216010e+04,2.110717633011121586e-01
2.569999999999999840e+00,2.109086729189768812e+04,2.092540848755847227e-01
2.580000000000000071e+00,2.119033927626581863e+04,2.074501378634254767e-01
2.589999999999999858e+00,2.128987573863261423e+04,2.056598934532192502e-01
2.600000000000000089e+00,2.138947635813841043e+04,2.038833213822033308e-01
2.609999999999999876e+00,2.148914081672268730e+04,2.021205904859883218e-01
2.620000000000000107e+00,2.158886879908970513e+04,2.003714539276359174e-01
2.629999999999999893e+00,2.168865999267447478e+04,1.986358654074288910e-01
2.640000000000000124e+00,2.178851408760939739e+04,1.969137775048193650e-01
2.649999999999999911e+00,2.188843077669129343e+04,1.952051417214781814e-01
2.660000000000000142e+00,2.198840975534904283e+04,1.935099085232259986e-01
2.669999999999999929e+00,2.208845072161163625e+04,1.918280273808702086e-01
2.680000000000000160e+00,2.218855337607679394e+04,1.901594468099768176e-01
2.689999999999999947e+00,2.228871742187996279e+04,1.885041144095987165e-01
2.700000000000000178e+00,2.238894256466387378e+04,1.868619768999859043e-01
2.709999999999999964e+00,2.248922851254852139e+04,1.852331070011140335e-01
2.720000000000000195e+00,2.258957497610158316e+04,1.836173145105916560e-01
2.729999999999999982e+00,2.268998166830929404e+04,1.820145361597396705e-01
2.740000000000000213e+00,2.279044830454777548e+04,1.804247080347689547e-01
2.750000000000000000e+00,2.289097460255477563e+04,1.788477656092848089e-01
2.760000000000000231e+00,2.299156028240184241e+04,1.772836437758930350e-01
2.770000000000000018e+00,2.309220506646685681e+04,1.757322768769335741e-01
2.780000000000000249e+00,2.319290867940711541e+04,1.741935987343576631e-01
2.790000000000000036e+00,2.329367084813259862e+04,1.726675426787733780e-01
2.800000000000000266e+00,2.339449130177983898e+04,1.711540415776780233e-01
2.810000000000000053e+00,2.349536977168604062e+04,1.696531046021622913e-01
2.819999999999999840e+00,2.359630599136365709e+04,1.681645819296986311e-01
2.830000000000000071e+00,2.369729969647527832e+04,1.666884006217255465e-01
2.839999999999999858e+00,2.379835062480891429e+04,1.652244874382375328e-01
2.850000000000000089e+00,2.389945851625367868e+04,1.637727688619086408e-01
2.859999999999999876e+00,2.400062311277573099e+04,1.623331711215106332e-01
2.870000000000000107e+00,2.410184415839466965e+04,1.609056202146405545e-01
2.879999999999999893e+00,2.420312139916020169e+04,1.594900419297761718e-01
2.890000000000000124e+00,2.430445458312914343e+04,1.580863618676747462e-01
2.899999999999999911e+00,2.440584346034281771e+04,1.566945054621334821e-01
2.910000000000000142e+00,2.450728778280471306e+04,1.553144412163994792e-01
2.919999999999999929e+00,2.460878730445844849e+04,1.539460481965655159e-01
2.930000000000000160e+00,2.471034178116616022e+04,1.525892488760478283e-01
2.939999999999999947e+00,2.481195097068705218e+04,1.512439656702540547e-01
2.950000000000000178e+00,2.491361463265636485e+04,1.499101209541716107e-01
2.959999999999999964e+00,2.501533252856455147e+04,1.485876370794020351e-01
2.970000000000000195e+00,2.511710442173685078e+04,1.472764363906598761e-01
2.979999999999999982e+00,2.521893007731304169e+04,1.459764412417477175e-01
2.990000000000000213e+00,2.532080926222757262e+04,1.446875740110203090e-01
3.000000000000000000e+00,2.542274174518986547e+04,1.434097571163519824e-01
3.010000000000000231e+00,2.552472729666504529e+04,1.421429342026361287e-01
3.020000000000000018e+00,2.562676568885477172e+04,1.408870052264922512e-01
3.030000000000000249e+00,2.572885669567844889e+04,1.396418915465140187e-01
3.040000000000000036e+00,2.583100009275466073e+04,1.384075146316948446e-01
3.050000000000000266e+00,2.593319565738285746e+04,1.371837960739832607e-01
3.060000000000000053e+00,2.603544316852528937e+04,1.359706576004144907e-01
3.070000000000000284e+00,2.613774240678922433e+04,1.347680210848254678e-01
3.080000000000000071e+00,2.624009315440938371e+04,1.335758085591679245e-01
3.089999999999999858e+00,2.634249519523057825e+04,1.323939422244261310e-01
3.100000000000000089e+00,2.644494831469067503e+04,1.312223444611544110e-01
3.109999999999999876e+00,2.654745229980372460e+04,1.300609448101830989e-01
3.120000000000000107e+00,2.665000693914332442e+04,1.289096586064044647e-01
3.129999999999999893e+00,2.675261202282620798e+04,1.277684084128893616e-01
3.140000000000000124e+00,2.685526734249609217e+04,1.266371170159791004e-01
3.149999999999999911e+00,2.695797269130772111e+04,1.255157074340160217e-01
3.160000000000000142e+00,2.706072786391107729e+04,1.244041029257454967e-01
3.169999999999999929e+00,2.716353265643588384e+04,1.233022269984027225e-01
3.180000000000000160e+00,2.726638686647626673e+04,1.222100034154891962e-01
3.189999999999999947e+00,2.736929029307560995e+04,1.211273562042499835e-01
3.200000000000000178e+00,2.747224273671165429e+04,1.200542096628572225e-01
3.209999999999999964e+00,2.757524399928175990e+04,1.189904864283878871e-01
3.220000000000000195e+00,2.767829388408836530e+04,1.179361134293943625e-01
3.229999999999999982e+00,2.778139219582467922e+04,1.168910159327639364e-01
3.240000000000000213e+00,2.788453874056046334e+04,1.158551195008352130e-01
3.250000000000000000e+00,2.798773332572817162e+04,1.148283499972466148e-01
3.260000000000000231e+00,2.809097576010903140e+04,1.138106335925360979e-01
3.270000000000000018e+00,2.819426585381956102e+04,1.128018967695004621e-01
3.280000000000000249e+00,2.829760341829806202e+04,1.118020663283198490e-01
3.290000000000000036e+00,2.840098826629139512e+04,1.108110693914546863e-01
3.300000000000000266e+00,2.850442021184192708e+04,1.098288334083201701e-01
3.310000000000000053e+00,2.860789907027451045e+04,1.088552788444041575e-01
3.320000000000000284e+00,2.871142465818388882e+04,1.078903416188967401e-01
3.330000000000000071e+00,2.881499679342198942e+04,1.069339506242791005e-01
3.339999999999999858e+00,2.891861529508556487e+04,1.059860350911536186e-01
3.350000000000000089e+00,2.902227998350389316e+04,1.050465245919446483e-01
3.359999999999999876e+00,2.912599068022670326e+04,1.041153490444118868e-01
3.370000000000000107e+00,2.922974720801219883e+04,1.031924387149820294e-01
3.379999999999999893e+00,2.933354939081521297e+04,1.022777242219043148e-01
3.390000000000000124e+00,2.943739705377568680e+04,1.013711365382331392e-01
3.399999999999999911e+00,2.954129002320696964e+04,1.004726069946459549e-01
3.410000000000000142e+00,2.964522812658464682e+04,9.958205692099149353e-02
3.419999999999999929e+00,2.974921119253518191e+04,9.869942942224528559e-02
3.430000000000000160e+00,2.985323905082491910e+04,9.782465753518718166e-02
3.439999999999999947e+00,2.995731153234907833e+04,9.695767465622988357e-02
3.450000000000000178e+00,3.006142846912100504e+04,9.609841454353615364e-02
3.459999999999999964e+00,3.016558969426145632e+04,9.524681131899645492e-02
3.470000000000000195e+00,3.026979504198807990e+04,9.440279947006974259e-02
3.479999999999999982e+00,3.037404434760500590e+04,9.356631385149355440e-02
3.490000000000000213e+00,3.047833744749255493e+04,9.273728968686478780e-02
3.500000000000000000e+00,3.058267417909707729e+04,9.191566257009707586e-02
3.510000000000000231e+00,3.068705438092096301e+04,9.110135657626125538e-02
3.520000000000000018e+00,3.079147789251266659e+04,9.029432072608567506e-02
3.530000000000000249e+00,3.089594455445696804e+04,8.949449244115630087e-02
3.540000000000000036e+00,3.100045420836527774e+04,8.870180950924577701e-02
3.550000000000000266e+00,3.110500669686611582e+04,8.791621008527769621e-02
3.560000000000000053e+00,3.120960186359559884e+04,8.713763269218821605e-02
3.570000000000000284e+00,3.131423955318825392e+04,8.636601622168607606e-02
3.580000000000000071e+00,3.141891961126763272e+04,8.560129993491563671e-02
3.589999999999999858e+00,3.152364188443736930e+04,8.484342346302459203e-02
3.600000000000000089e+00,3.162840622027209611e+04,8.409232680764028300e-02
3.609999999999999876e+00,3.173321246730858184e+04,8.334793789039419976e-02
3.620000000000000107e+00,3.183806047503694572e+04,8.261021073462598840e-02
3.629999999999999893e+00,3.194295009389200277e+04,8.187908719801460788e-02
3.640000000000000124e+00,3.204788117524467089e+04,8.115450950059867330e-02
3.649999999999999911e+00,3.215285357139350890e+04,8.043642022491644117e-02
3.660000000000000142e+00,3.225786713555634196e+04,7.972476231606863417e-02
3.669999999999999929e+00,3.236292172186199969e+04,7.901947908170790791e-02
3.680000000000000160e+00,3.246801718534212705e+04,7.832051419195697195e-02
3.689999999999999947e+00,3.257315338192307900e+04,7.762781167925705827e-02
3.700000000000000178e+00,3.267833016841802237e+04,7.694131593815001224e-02
3.709999999999999964e+00,3.278354740251891781e+04,7.626095931905123304e-02
3.720000000000000195e+00,3.288880494278881815e+04,7.558670017121113527e-02
3.729999999999999982e+00,3.299410264865410863e+04,7.491848471352957617e-02
3.740000000000000213e+00,3.309944038039689622e+04,7.425625951642376987e-02
3.750000000000000000e+00,3.320481799914746080e+04,7.359997150138856969e-02
3.760000000000000231e+00,3.331023536687686283e+04,7.294956794050184989e-02
3.770000000000000018e+00,3.341569234638949274e+04,7.230499645587575019e-02
3.780000000000000249e+00,3.352118880131585320e+04,7.166620501905780760e-02
3.790000000000000036e+00,3.362672459610531951e+04,7.103314195038093470e-02
3.800000000000000266e+00,3.373229959601909650e+04,7.040575591826650492e-02
3.810000000000000053e+00,3.383791366712308809e+04,6.978398394161781926e-02
3.820000000000000284e+00,3.394356667628103605e+04,6.916778817748941988e-02
3.830000000000000071e+00,3.404925849114757148e+04,6.855711904958557146e-02
3.839999999999999858e+00,3.415498898016146268e+04,6.795192731772593808e-02
3.850000000000000089e+00,3.426075801253886311e+04,6.735216407701170860e-02
3.859999999999999876e+00,3.436656545826667571e+04,6.675778075695215641e-02
3.870000000000000107e+00,3.447241118809600448e+04,6.616872912055349332e-02
3.879999999999999893e+00,3.457829507353559893e+04,6.558496126337189092e-02
3.890000000000000124e+00,3.468421698684548028e+04,6.500642961253043361e-02
3.899999999999999911e+00,3.479017680103056045e+04,6.443308692570350049e-02
3.910000000000000142e+00,3.489617438983433385e+04,6.386487490746194096e-02
3.919999999999999929e+00,3.500220962773275096e+04,6.330175911262804489e-02
3.930000000000000160e+00,3.510828238992791739e+04,6.274369396319072478e-02
3.939999999999999947e+00,3.521439255234215670e+04,6.219063419907536888e-02
3.950000000000000178e+00,3.532053999161196407e+04,6.164253487705271400e-02
3.959999999999999964e+00,3.542672458508195996e+04,6.109935136962096891e-02
3.970000000000000195e+00,3.553294621079914941e+04,6.056103936386120212e-02
3.979999999999999982e+00,3.563920474750697758e+04,6.002755486026880444e-02
3.990000000000000213e+00,3.574550007463967631e+04,5.949885417155992978e-02
4.000000000000000000e+00,3.585183207231647975e+04,5.897489392145567610e-02
4.009999999999999787e+00,3.595820062133607280e+04,5.845562037939049105e-02
4.020000000000000462e+00,3.606460560317095951e+04,5.794100215986246194e-02
4.030000000000000249e+00,3.617104689996195521e+04,5.743099744836702159e-02
4.040000000000000036e+00,3.627752439451276587e+04,5.692556472866247552e-02
4.049999999999999822e+00,3.638403797028458939e+04,5.642466278152394321e-02
4.060000000000000497e+00,3.649058751139073865e+04,5.592825068347823114e-02
4.070000000000000284e+00,3.659717290259137371e+04,5.543628780552317670e-02
4.080000000000000071e+00,3.670379402928832133e+04,5.494873381182880517e-02
4.089999999999999858e+00,3.681045077751982171e+04,5.446554865826417485e-02
4.099999999999999645e+00,3.691714303395552270e+04,5.398669259169747853e-02
4.110000000000000320e+00,3.702387068589134287e+04,5.351211624151724910e-02
4.120000000000000107e+00,3.713063362124443665e+04,5.304179099521066920e-02
4.129999999999999893e+00,3.723743172854830482e+04,5.257567855393203288e-02
4.139999999999999680e+00,3.734426489694787597e+04,5.211374089684324418e-02
4.150000000000000355e+00,3.745113301619464619e+04,5.165594027978619163e-02
4.160000000000000142e+00,3.755803597664184053e+04,5.120223923394422172e-02
4.169999999999999929e+00,3.766497366923972731e+04,5.075260056449231588e-02
4.179999999999999716e+00,3.777194598553085234e+04,5.030698734923774729e-02
4.190000000000000391e+00,3.787895281764545507e+04,4.986536293725073177e-02
4.200000000000000178e+00,3.798599405829676834e+04,4.942769094748647452e-02
4.209999999999999964e+00,3.809306960077652911e+04,4.899392611811075049e-02
4.219999999999999751e+00,3.820017933895046735e+04,4.856404236003455943e-02
4.230000000000000426e+00,3.830732316725378041e+04,4.813800463952919856e-02
4.240000000000000213e+00,3.841450098068678199e+04,4.771577818067538473e-02
4.250000000000000000e+00,3.852171267481046380e+04,4.729732846400781093e-02
4.259999999999999787e+00,3.862895814574221731e+04,4.688262122515416547e-02
4.270000000000000462e+00,3.873623729015151912e+04,4.647162245346761478e-02
4.280000000000000249e+00,3.884355000525566720e+04,4.606429839065456777e-02
4.290000000000000036e+00,3.895089618881561182e+04,4.566061552939639639e-02
4.299999999999999822e+00,3.905827573913180822e+04,4.526054061196756184e-02
4.310000000000000497e+00,3.916568855504007661e+04,4.486403221148144854e-02
4.320000000000000284e+00,3.927313453590746940e+04,4.447106654073772203e-02
4.330000000000000071e+00,3.938061358162835677e+04,4.408161158484660835e-02
4.339999999999999858e+00,3.948812559262032300e+04,4.369563556702388274e-02
4.350000000000000533e+00,3.959567046982031752e+04,4.331310694724620214e-02
4.360000000000000320e+00,3.970324811468058761e+04,4.293399442090411328e-02
4.370000000000000107e+00,3.981085842916494585e+04,4.255826691745232676e-02
4.379999999999999893e+00,3.991850131574486295e+04,4.218589359905795116e-02
4.389999999999999680e+00,4.002617667739567696e+04,4.181684385924718667e-02
4.400000000000000355e+00,4.013388441759283887e+04,4.145108732155028397e-02
4.410000000000000142e+00,4.024162444030813640e+04,4.108858611385667048e-02
4.419999999999999929e+00,4.034939665000609239e+04,4.072931855175797311e-02
4.429999999999999716e+00,4.045720095164023951e+04,4.037325540173788974e-02
4.440000000000000391e+00,4.056503725064950413e+04,4.002036764946599601e-02
4.450000000000000178e+00,4.067290545295467746e+04,3.967062649849050632e-02
4.459999999999999964e+00,4.078080546495478484e+04,3.932400336893008413e-02
4.469999999999999751e+00,4.088873719352365879e+04,3.898046989616629765e-02
4.480000000000000426e+00,4.099670054600639560e+04,3.863999792953615176e-02
4.490000000000000213e+00,4.110469543021591380e+04,3.830255953102536942e-02
4.500000000000000000e+00,4.121272175442957086e+04,3.796812697396224207e-02
4.509999999999999787e+00,4.132077942738575803e+04,3.763666566574980221e-02
4.520000000000000462e+00,4.142886835828057519e+04,3.730815584300031795e-02
4.530000000000000249e+00,4.153698845676444034e+04,3.698257082767795328e-02
4.540000000000000036e+00,4.164513963293893175e+04,3.665988414298014531e-02
4.549999999999999822e+00,4.175332179735340469e+04,3.634006951208446079e-02
4.560000000000000497e+00,4.186153486100186274e+04,3.602310085689670871e-02
4.570000000000000284e+00,4.196977873531968362e+04,3.570895229680146055e-02
4.580000000000000071e+00,4.207805333218054875e+04,3.539759814741393756e-02
4.589999999999999858e+00,4.218635856389321270e+04,3.508901291933462507e-02
4.600000000000000533e+00,4.229469434319848369e+04,3.478317131690593367e-02
4.610000000000000320e+00,4.240306058326608036e+04,3.448004176162762502e-02
4.620000000000000107e+00,4.251145719769165589e+04,3.417960624542800557e-02
4.629999999999999893e+00,4.261988410049369850e+04,3.388184043306709248e-02
4.639999999999999680e+00,4.272834120611060644e+04,3.358672017365592344e-02
4.650000000000000355e+00,4.283682842939774127e+04,3.329422149946865972e-02
4.660000000000000142e+00,4.294534568562438653e+04,3.300432062475775613e-02
4.669999999999999929e+00,4.305389289047096099e+04,3.271699394457174698e-02
4.679999999999999716e+00,4.316246996002607193e+04,3.243221803357670269e-02
4.690000000000000391e+00,4.327107681078371388e+04,3.214996964488056608e-02
4.700000000000000178e+00,4.337971335964033642e+04,3.187022570886120093e-02
4.709999999999999964e+00,4.348837952389218117e+04,3.159295740868199587e-02
4.719999999999999751e+00,4.359707522123241506e+04,3.131814834074463094e-02
4.730000000000000426e+00,4.370580036974839459e+04,3.104577631394985979e-02
4.740000000000000213e+00,4.381455488791895914e+04,3.077581930578457067e-02
4.750000000000000000e+00,4.392333869461169525e+04,3.050825359422929678e-02
4.759999999999999787e+00,4.403215170907999709e+04,3.024306120434371720e-02
4.770000000000000462e+00,4.414099385096167680e+04,2.998022067331335833e-02
4.780000000000000249e+00,4.424986504027433693e+04,2.971970684727074860e-02
4.790000000000000036e+00,4.435876519741414813e+04,2.946150041715048934e-02
4.799999999999999822e+00,4.446769424315293145e+04,2.920558034865011060e-02
4.810000000000000497e+00,4.457665209863558266e+04,2.895192035137220815e-02
4.820000000000000284e+00,4.468563868537747476e+04,2.870050548651412875e-02
4.830000000000000071e+00,4.479465392526205687e+04,2.845131552258958404e-02
4.839999999999999858e+00,4.490369774053829315e+04,2.820433038205905074e-02
4.850000000000000533e+00,4.501277005381828349e+04,2.795953014028796854e-02
4.860000000000000320e+00,4.512187078807460784e+04,2.771689502450963918e-02
4.870000000000000107e+00,4.523099986663819436e+04,2.747640541279180657e-02
4.879999999999999893e+00,4.534015721319567092e+04,2.723804183300809409e-02
4.889999999999999680e+00,4.544934275178710232e+04,2.700178496181346657e-02
4.900000000000000355e+00,4.555855640680366196e+04,2.676761562362427876e-02
4.910000000000000142e+00,4.566779810298513621e+04,2.653550983553676357e-02
4.919999999999999929e+00,4.577706776541779254e+04,2.630545399562315284e-02
4.929999999999999716e+00,4.588636531953192753e+04,2.607742966141800983e-02
4.940000000000000391e+00,4.599569069109974225e+04,2.585141853086856886e-02
4.950000000000000178e+00,4.610504380623289035e+04,2.562740244136836598e-02
4.959999999999999964e+00,4.621442459138041886e+04,2.540536336879480744e-02
4.969999999999999751e+00,4.632383297332646180e+04,2.518528342655166133e-02
4.980000000000000426e+00,4.643326887918801367e+04,2.496714486461566046e-02
4.990000000000000213e+00,4.654273223641284130e+04,2.475093006858817418e-02
5.000000000000000000e+00,4.665222297277719917e+04,2.453662155875096021e-02
5.009999999999999787e+00,4.676174101638379943e+04,2.432419745739562017e-02
5.020000000000000462e+00,4.687128629565962910e+04,2.411364538208866232e-02
5.030000000000000249e+00,4.698085873935384734e+04,2.390494852225366965e-02
5.040000000000000036e+00,4.709045827653566812e+04,2.369809019526022964e-02
5.049999999999999822e+00,4.720008483659235935e+04,2.349305384553097148e-02
5.060000000000000497e+00,4.730973834922714741e+04,2.328982304365294007e-02
5.070000000000000284e+00,4.741941874445713620e+04,2.308838148549363645e-02
5.080000000000000071e+00,4.752912595261138631e+04,2.288871299132147138e-02
5.089999999999999858e+00,4.763885990432882681e+04,2.269080150493096165e-02
5.100000000000000533e+00,4.774862053055631986e+04,2.249463109277248518e-02
5.110000000000000320e+00,4.785840776254664524e+04,2.230018179619617374e-02
5.120000000000000107e+00,4.796822153185659408e+04,2.210744234467810349e-02
5.129999999999999893e+00,4.807806177034504071e+04,2.191639741522201021e-02
5.139999999999999680e+00,4.818792841017094906e+04,2.172703180132764741e-02
5.150000000000000355e+00,4.829782138379156095e+04,2.153933041216845451e-02
5.160000000000000142e+00,4.840774062396041700e+04,2.135327827177416551e-02
5.169999999999999929e+00,4.851768606372556678e+04,2.116886051821743539e-02
5.179999999999999716e+00,4.862765763642769161e+04,2.098606240280527502e-02
5.190000000000000391e+00,4.873765527569822007e+04,2.080486928927486115e-02
5.200000000000000178e+00,4.884767891545753810e+04,2.062526665299399542e-02
5.209999999999999964e+00,4.895772848991317733e+04,2.044723628459004655e-02
5.219999999999999751e+00,4.906780393355800334e+04,2.027076792595811777e-02
5.230000000000000426e+00,4.917790518116846943e+04,2.009584760940621995e-02
5.240000000000000213e+00,4.928803216780281218e+04,1.992246147324754774e-02
5.250000000000000000e+00,4.939818482879929797e+04,1.975059576104586795e-02
5.259999999999999787e+00,4.950836309977451310e+04,1.958023682086535572e-02
5.270000000000000462e+00,4.961856691662167577e+04,1.941137110452473627e-02
5.280000000000000249e+00,4.972879621550877346e+04,1.924398516685590574e-02
5.290000000000000036e+00,4.983905093287707132e+04,1.907806566496665981e-02
5.299999999999999822e+00,4.994933100543927139e+04,1.891359935750805757e-02
5.310000000000000497e+00,5.005963637017795554e+04,1.875056962760820317e-02
5.320000000000000284e+00,5.016996696434380283e+04,1.858896714003397885e-02
5.330000000000000071e+00,5.028032272545413434e+04,1.842877916146556244e-02
5.339999999999999858e+00,5.039070359129104327e+04,1.826999305499482640e-02
5.350000000000000533e+00,5.050110949990005611e+04,1.811259627943460557e-02
5.360000000000000320e+00,5.061154038958827005e+04,1.795657638863198957e-02
5.370000000000000107e+00,5.072199619892295595e+04,1.780192103078597626e-02
5.379999999999999893e+00,5.083247686672984855e+04,1.764861794776906995e-02
5.389999999999999680e+00,5.094298233209169121e+04,1.749665497445325457e-02
5.400000000000000355e+00,5.105351253434657701e+04,1.734602003803990822e-02
5.410000000000000142e+00,5.116406741308655182e+04,1.719669797199317729e-02
5.419999999999999929e+00,5.127464690815589711e+04,1.704868028114770243e-02
5.429999999999999716e+00,5.138525095964981301e+04,1.690195535610514860e-02
5.440000000000000391e+00,5.149587950791275216e+04,1.675651167512023226e-02
5.450000000000000178e+00,5.160653249353703723e+04,1.661233780346977468e-02
5.459999999999999964e+00,5.171720985736132570e+04,1.646942239282539813e-02
5.469999999999999751e+00,5.182791154046915472e+04,1.632775418063043063e-02
5.480000000000000426e+00,5.193863748418751493e+04,1.618732198948053327e-02
5.490000000000000213e+00,5.204938763008533715e+04,1.604811472650842855e-02
5.500000000000000000e+00,5.216016191997213900e+04,1.591012138277236171e-02
5.509999999999999787e+00,5.227096029589652608e+04,1.577332811237664931e-02
5.520000000000000462e+00,5.238178270014487498e+04,1.563772718467020678e-02
5.530000000000000249e+00,5.249262907523979084e+04,1.550330801342466452e-02
5.540000000000000036e+00,5.260349936393887037e+04,1.537006009207903499e-02
5.549999999999999822e+00,5.271439350923326128e+04,1.523797299316414361e-02
5.560000000000000497e+00,5.282531145434622158e+04,1.510703636773071644e-02
5.570000000000000284e+00,5.293625314273188997e+04,1.497723994478130684e-02
5.580000000000000071e+00,5.304721851807385247e+04,1.484857353070566030e-02
5.589999999999999858e+00,5.315820752428381093e+04,1.472102700872000847e-02
5.600000000000000533e+00,5.326922010550033883e+04,1.459459033830981002e-02
5.610000000000000320e+00,5.338025620608740428e+04,1.446925087593628305e-02
5.620000000000000107e+00,5.349131577063324221e+04,1.434500158668844567e-02
5.629999999999999893e+00,5.360239874394894287e+04,1.422183281570195759e-02
5.639999999999999680e+00,5.371350507106718578e+04,1.409973498050655707e-02
5.650000000000000355e+00,5.382463469724101014e+04,1.397869857050193509e-02
5.660000000000000142e+00,5.393578756794247602e+04,1.385871414643702858e-02
5.669999999999999929e+00,5.404696362886144925e+04,1.373977233989263913e-02
5.679999999999999716e+00,5.415816282590433548e+04,1.362186385276765652e-02
5.690000000000000391e+00,5.426938510519292322e+04,1.350497945676856076e-02
5.700000000000000178e+00,5.438063041306296509e+04,1.338910999290243188e-02
5.709999999999999964e+00,5.449189869606318098e+04,1.327424391277380600e-02
5.719999999999999751e+00,5.460318990095388290e+04,1.316037481406172327e-02
5.730000000000000426e+00,5.471450397470584721e+04,1.304749388964918447e-02
5.740000000000000213e+00,5.482584086449910683e+04,1.293559239819498143e-02
5.750000000000000000e+00,5.493720051772177248e+04,1.282466166365692738e-02
5.759999999999999787e+00,5.504858288196881767e+04,1.271469307481821152e-02
5.770000000000000462e+00,5.515998790504098724e+04,1.260567808481701142e-02
5.780000000000000249e+00,5.527141553494356776e+04,1.249760821067927297e-02
5.790000000000000036e+00,5.538286571988528885e+04,1.239047503285453135e-02
5.799999999999999822e+00,5.549433840827712265e+04,1.228427019475505574e-02
5.810000000000000497e+00,5.560583354873122880e+04,1.217898314524977835e-02
5.820000000000000284e+00,5.571735109005978302e+04,1.207460805742393770e-02
5.830000000000000071e+00,5.582889098127382022e+04,1.197113689581597029e-02
5.839999999999999858e+00,5.594045317158226680e+04,1.186856168472205132e-02
5.850000000000000533e+00,5.605203761039065284e+04,1.176687450776285095e-02
5.860000000000000320e+00,5.616364424730016617e+04,1.166606750745318929e-02
5.870000000000000107e+00,5.627527303210650280e+04,1.156613288477462143e-02
5.879999999999999893e+00,5.638692391479883372e+04,1.146706289875097998e-02
5.889999999999999680e+00,5.649859684555866261e+04,1.136884986602684604e-02
5.900000000000000355e+00,5.661029177475885081e+04,1.127148616044887884e-02
5.910000000000000142e+00,5.672200865296251868e+04,1.117496213898462078e-02
5.919999999999999929e+00,5.683374743092197605e+04,1.107927249825035702e-02
5.929999999999999716e+00,5.694550805957775447e+04,1.098440990523751742e-02
5.940000000000000391e+00,5.705729049005754496e+04,1.089036708122601178e-02
5.950000000000000178e+00,5.716909467367510661e+04,1.079713680139085877e-02
5.959999999999999964e+00,5.728092056192940072e+04,1.070471189441146026e-02
5.969999999999999751e+00,5.739276810650342668e+04,1.061308524208362698e-02
5.980000000000000426e+00,5.750463725926335610e+04,1.052224977893424784e-02
5.990000000000000213e+00,5.761652797225736867e+04,1.043219849183873657e-02
6.000000000000000000e+00,5.772844019771489548e+04,1.034292441964100411e-02
6.009999999999999787e+00,5.784037388804544025e+04,1.025441874673361890e-02
6.020000000000000462e+00,5.795232899583769904e+04,1.016667664568008701e-02
6.030000000000000249e+00,5.806430547385854879e+04,1.007969142298715051e-02
6.040000000000000036e+00,5.817630327505216701e+04,9.993456434481854528e-03
6.049999999999999822e+00,5.828832235253899853e+04,9.907965084954567167e-03
6.060000000000000497e+00,5.840036265961483150e+04,9.823210827804547754e-03
6.070000000000000284e+00,5.851242414974988787e+04,9.739187164687955825e-03
6.080000000000000071e+00,5.862450677658784116e+04,9.655887645168293940e-03
6.089999999999999858e+00,5.873661049394497240e+04,9.573305866369338085e-03
6.100000000000000533e+00,5.884873525580918067e+04,9.491435472630514042e-03
6.110000000000000320e+00,5.896088101633901533e+04,9.410268402236288826e-03
6.120000000000000107e+00,5.907304772986294120e+04,9.329800260621603364e-03
6.129999999999999893e+00,5.918523535087828350e+04,9.250024936594089531e-03
6.140000000000000568e+00,5.929744383405042754e+04,9.170936363770179969e-03
6.150000000000000355e+00,5.940967313421185099e+04,9.092528520251415627e-03
6.160000000000000142e+00,5.952192320636131626e+04,9.014795428302996294e-03
6.169999999999999929e+00,5.963419400566293189e+04,8.937731154034608827e-03
6.179999999999999716e+00,5.974648548744538857e+04,8.861329807083578175e-03
6.190000000000000391e+00,5.985879760720094782e+04,8.785585540300122620e-03
6.200000000000000178e+00,5.997113032058467070e+04,8.710492549434949161e-03
6.209999999999999964e+00,6.008348358341359562e+04,8.636043460219554671e-03
6.219999999999999751e+00,6.019585735166577797e+04,8.562234271388951407e-03
6.230000000000000426e+00,6.030825158147964976e+04,8.489059402025085285e-03
6.240000000000000213e+00,6.042066622915292101e+04,8.416513311923149235e-03
6.250000000000000000e+00,6.053310125114198308e+04,8.344590501298144308e-03
6.259999999999999787e+00,6.064555660406094830e+04,8.273285510493610939e-03
6.270000000000000462e+00,6.075803224468090048e+04,8.202592919692268392e-03
6.280000000000000249e+00,6.087052812992905092e+04,8.132507348628888535e-03
6.290000000000000036e+00,6.098304421688796720e+04,8.063023456305043121e-03
6.299999999999999822e+00,6.109558046279469272e+04,7.994135940705969154e-03
6.310000000000000497e+00,6.120813682504007011e+04,7.925838054073515784e-03
6.320000000000000284e+00,6.132071326116781711e+04,7.858126153017477161e-03
6.330000000000000071e+00,6.143330972887388634e+04,7.790995139620411798e-03
6.339999999999999858e+00,6.154592618600554852e+04,7.724439952960726434e-03
6.350000000000000533e+00,6.165856259056075942e+04,7.658455568846786292e-03
6.360000000000000320e+00,6.177121890068723587e+04,7.593036999553024607e-03
6.370000000000000107e+00,6.188389507468178635e+04,7.528179293557763462e-03
6.379999999999999893e+00,6.199659107098956883e+04,7.463877535283022606e-03
6.390000000000000568e+00,6.210930684820327588e+04,7.400126844836165362e-03
6.400000000000000355e+00,6.222204236506243615e+04,7.336922377753352965e-03
6.410000000000000142e+00,6.233479758045262133e+04,7.274257957646744141e-03
6.419999999999999929e+00,6.244757245340478403e+04,7.212130266567480519e-03
6.429999999999999716e+00,6.256036694309438462e+04,7.150534646630376905e-03
6.440000000000000391e+00,6.267318100884085288e+04,7.089466473572305499e-03
6.450000000000000178e+00,6.278601461010672938e+04,7.028921156511439700e-03
6.459999999999999964e+00,6.289886770649693790e+04,6.968894137708061751e-03
6.469999999999999751e+00,6.301174025775815971e+04,6.909380892327229157e-03
6.480000000000000426e+00,6.312463222377809143e+04,6.850376928203026627e-03
6.490000000000000213e+00,6.323754356458470284e+04,6.791877785604596117e-03
6.500000000000000000e+00,6.335047424034553114e+04,6.733879037003719439e-03
6.509999999999999787e+00,6.346342421136704797e+04,6.676375027247766561e-03
6.520000000000000462e+00,6.357639343809397542e+04,6.619362734363954358e-03
6.530000000000000249e+00,6.368938188110845658e+04,6.562837901443263969e-03
6.540000000000000036e+00,6.380238950112954626e+04,6.506796302137044137e-03
6.549999999999999822e+00,6.391541625901246152e+04,6.451233740438950398e-03
6.560000000000000497e+00,6.402846211574786139e+04,6.396146050468367455e-03
6.570000000000000284e+00,6.414152703246127930e+04,6.341529096255458728e-03
6.580000000000000071e+00,6.425461097041233734e+04,6.287378771527680002e-03
6.589999999999999858e+00,6.436771389099423686e+04,6.233690999497856940e-03
6.600000000000000533e+00,6.448083575573295821e+04,6.180461732653768324e-03
6.610000000000000320e+00,6.459397652628662763e+04,6.127685791596236380e-03
6.620000000000000107e+00,6.470713616444499348e+04,6.075360423445210455e-03
6.629999999999999893e+00,6.482031463212866947e+04,6.023481736758734550e-03
6.640000000000000568e+00,6.493351189138850168e+04,5.972045867876851592e-03
6.650000000000000355e+00,6.504672790440494282e+04,5.921048980724139855e-03
6.660000000000000142e+00,6.515996263348749926e+04,5.870487266613584262e-03
6.669999999999999929e+00,6.527321604107394523e+04,5.820356944051951684e-03
6.679999999999999716e+00,6.538648808972987899e+04,5.770654258546486365e-03
6.690000000000000391e+00,6.549977874214794429e+04,5.721375482413028693e-03
6.700000000000000178e+00,6.561308796114732104e+04,5.672516914585497456e-03
6.709999999999999964e+00,6.572641570967304870e+04,5.624073809970914391e-03
6.719999999999999751e+00,6.583976195079549507e+04,5.576043660433855319e-03
6.730000000000000426e+00,6.595312664770970878e+04,5.528422907716078367e-03
6.740000000000000213e+00,6.606650976373472076e+04,5.481208018819993741e-03
6.750000000000000000e+00,6.617991126231315138e+04,5.434395485829864904e-03
6.759999999999999787e+00,6.629333110701041005e+04,5.387981825734246624e-03
6.770000000000000462e+00,6.640676926151436055e+04,5.341963580249773497e-03
6.780000000000000249e+00,6.652022568963437516e+04,5.296337315646146293e-03
6.790000000000000036e+00,6.663370035530110181e+04,5.251099622572397672e-03
6.799999999999999822e+00,6.674719322256569285e+04,5.206247115884388675e-03
6.810000000000000497e+00,6.686070425559932482e+04,5.161775446940079955e-03
6.820000000000000284e+00,6.697423341869252909e+04,5.117682330386866436e-03
6.830000000000000071e+00,6.708778067625469703e+04,5.073964511804099353e-03
6.839999999999999858e+00,6.720134599281346891e+04,5.030618759743490064e-03
6.850000000000000533e+00,6.731492933301432640e+04,4.987641865567201370e-03
6.860000000000000320e+00,6.742853066161973402e+04,4.945030643287167023e-03
6.870000000000000107e+00,6.754214994350889174e+04,4.902781929405472874e-03
6.879999999999999893e+00,6.765578714367702196e+04,4.860892582755941063e-03
6.890000000000000568e+00,6.776944222723487474e+04,4.819359484346853913e-03
6.900000000000000355e+00,6.788311515940807294e+04,4.778179537204776776e-03
6.910000000000000142e+00,6.799680590553683578e+04,4.737348754853687970e-03
6.919999999999999929e+00,6.811051443107517844e+04,4.696865054614713514e-03
6.929999999999999716e+00,6.822424070159046096e+04,4.656725459214776895e-03
6.940000000000000391e+00,6.833798468276292260e+04,4.616927012276181644e-03
6.950000000000000178e+00,6.845174634038504155e+04,4.577466778170061028e-03
6.959999999999999964e+00,6.856552564036115655e+04,4.538341841870860774e-03
6.969999999999999751e+00,6.867932254870681209e+04,4.499549308811879103e-03
6.980000000000000426e+00,6.879313703154835093e+04,4.461086304741836324e-03
6.990000000000000213e+00,6.890696905512225931e+04,4.422949975582467913e-03
7.000000000000000000e+00,6.902081858577480307e+04,4.385137487287147154e-03
7.009999999999999787e+00,6.913468558996146021e+04,4.347645184400871117e-03
7.020000000000000462e+00,6.924857003424639697e+04,4.310471168579089671e-03
7.030000000000000249e+00,6.936247188530201674e+04,4.273612715413268974e-03
7.040000000000000036e+00,6.947639110990831978e+04,4.237067119504923929e-03
7.049999999999999822e+00,6.959032767495268490e+04,4.200831694332942193e-03
7.060000000000000497e+00,6.970428154742908373e+04,4.164903772121861421e-03
7.070000000000000284e+00,6.981825269443776051e+04,4.129280703711071115e-03
7.080000000000000071e+00,6.993224108318470826e+04,4.093959858424947758e-03
7.089999999999999858e+00,7.004624668098114489e+04,4.058938623943943169e-03
7.100000000000000533e+00,7.016026945524314942e+04,4.024214406176557582e-03
7.110000000000000320e+00,7.027430937349094893e+04,3.989783852208405625e-03
7.120000000000000107e+00,7.038836640334878757e+04,3.955645231486204158e-03
7.129999999999999893e+00,7.050244051254406804e+04,3.921796050375029631e-03
7.140000000000000568e+00,7.061653166890724970e+04,3.888233832538398518e-03
7.150000000000000355e+00,7.073063984037107730e+04,3.854956118818144220e-03
7.160000000000000142e+00,7.084476499497027544e+04,3.821960467115138784e-03
7.169999999999999929e+00,7.095890710084114107e+04,3.789244452270897155e-03
7.179999999999999716e+00,7.107306612622093235e+04,3.756805665949988510e-03
7.190000000000000391e+00,7.118724203944751935e+04,3.724641716523314095e-03
7.200000000000000178e+00,7.130143480895880202e+04,3.692750228952214678e-03
7.209999999999999964e+00,7.141564440329250647e+04,3.661128126890771366e-03
7.219999999999999751e+00,7.152987079108541366e+04,3.629773832582981925e-03
7.230000000000000426e+00,7.164411394107325759e+04,3.598685063068117040e-03
7.240000000000000213e+00,7.175837382209004136e+04,3.567859551129705289e-03
7.250000000000000000e+00,7.187265040306755691e+04,3.537295045186752539e-03
7.259999999999999787e+00,7.198694365303526865e+04,3.506989309185756711e-03
7.270000000000000462e+00,7.210125354111945489e+04,3.476940122493499263e-03
7.280000000000000249e+00,7.221558003654317872e+04,3.447145279790586082e-03
7.290000000000000036e+00,7.232992310862548766e+04,3.417602590965751648e-03
7.299999999999999822e+00,7.244428272678134090e+04,3.388309881010896120e-03
7.310000000000000497e+00,7.255865886052085261e+04,3.359264326571818025e-03
7.320000000000000284e+00,7.267305147944913188e+04,3.330464488979213884e-03
7.330000000000000071e+00,7.278746055326572969e+04,3.301908277649594822e-03
7.339999999999999858e+00,7.290188605176420242e+04,3.273593616332228732e-03
7.350000000000000533e+00,7.301632794483186444e+04,3.245518443010660028e-03
7.360000000000000320e+00,7.313078620244908961e+04,3.217680709804941058e-03
7.370000000000000107e+00,7.324526079468922399e+04,3.190078382874511880e-03
7.379999999999999893e+00,7.335975169171788730e+04,3.162709442321851548e-03
7.390000000000000568e+00,7.347425886379284202e+04,3.135571882096704899e-03
7.400000000000000355e+00,7.358878228126332397e+04,3.108663709901106006e-03
7.410000000000000142e+00,7.370332191456979490e+04,3.081982333942931938e-03
7.419999999999999929e+00,7.381787773424360785e+04,3.055526442113221715e-03
7.429999999999999716e+00,7.393244971090636682e+04,3.029294119541595890e-03
7.440000000000000391e+00,7.404703781526981038e+04,3.003283464408348404e-03
7.450000000000000178e+00,7.416164201813521504e+04,2.977492587855296545e-03
7.459999999999999964e+00,7.427626229039316240e+04,2.951919613897182552e-03
7.469999999999999751e+00,7.439089860302292800e+04,2.926562679333792952e-03
7.480000000000000426e+00,7.450555092709249584e+04,2.901419933662627380e-03
7.490000000000000213e+00,7.462021923375761253e+04,2.876489538992243935e-03
7.500000000000000000e+00,7.473490349426194734e+04,2.851769669956152279e-03
7.509999999999999787e+00,7.484960367993639375e+04,2.827257946618897972e-03
7.520000000000000462e+00,7.496431976219879289e+04,2.802953172214097972e-03
7.530000000000000249e+00,7.507905171255354071e+04,2.778853592413117659e-03
7.540000000000000036e+00,7.519379950259120960e+04,2.754957464773202715e-03
7.549999999999999822e+00,7.530856310398822825e+04,2.731263058656683510e-03
7.560000000000000497e+00,7.542334248850641598e+04,2.707768655150809192e-03
7.570000000000000284e+00,7.553813762799272081e+04,2.684472546988094822e-03
7.580000000000000071e+00,7.565294849437879748e+04,2.661373038467257889e-03
7.589999999999999858e+00,7.576777505968070182e+04,2.638468445374695607e-03
7.600000000000000533e+00,7.588261729599842511e+04,2.615757094906526019e-03
7.610000000000000320e+00,7.599747517551557394e+04,2.593236801100259545e-03
7.620000000000000107e+00,7.611234867049918103e+04,2.570906472249625662e-03
7.629999999999999893e+00,7.622723775329903583e+04,2.548764500746560774e-03
7.640000000000000568e+00,7.634214239634761179e+04,2.526809289810378039e-03
7.650000000000000355e+00,7.645706257215954247e+04,2.505039253414635333e-03
7.660000000000000142e+00,7.657199825333146146e+04,2.483452816214449469e-03
7.669999999999999929e+00,7.668694941254136211e+04,2.462048413474398484e-03
7.679999999999999716e+00,7.680191602254855388e+04,2.440824490996870624e-03
7.690000000000000391e+00,7.691689805619319668e+04,2.419779505050950654e-03
7.700000000000000178e+00,7.703189548639583518e+04,2.398911922301789294e-03
7.709999999999999964e+00,7.714690828615732607e+04,2.378219734500136920e-03
7.719999999999999751e+00,7.726193642855825601e+04,2.357701945589283331e-03
7.730000000000000426e+00,7.737697988675876695e+04,2.337357082083576891e-03
7.740000000000000213e+00,7.749203863399810507e+04,2.317183680362724495e-03
7.750000000000000000e+00,7.760711264359440247e+04,2.297180286605478728e-03
7.759999999999999787e+00,7.772220188894424064e+04,2.277345456723849342e-03
7.770000000000000462e+00,7.783730634352243214e+04,2.257677756297737145e-03
7.780000000000000249e+00,7.795242598088161321e+04,2.238175760510058808e-03
7.790000000000000036e+00,7.806756077465189446e+04,2.218838054082287146e-03
7.799999999999999822e+00,7.818271069854067173e+04,2.199663231210461072e-03
7.810000000000000497e+00,7.829787572633217496e+04,2.180649446429895003e-03
7.820000000000000284e+00,7.841305583188713354e+04,2.161795790862307276e-03
7.830000000000000071e+00,7.852825098914268892e+04,2.143100913662903360e-03
7.839999999999999858e+00,7.864346117211173987e+04,2.124563472977616593e-03
7.850000000000000533e+00,7.875868635488289874e+04,2.106182135883069399e-03
7.860000000000000320e+00,7.887392651161998219e+04,2.087955578326940436e-03
7.870000000000000107e+00,7.898918161656198208e+04,2.069882485068746773e-03
7.879999999999999893e+00,7.910445164402232331e+04,2.051961549621043705e-03
7.890000000000000568e+00,7.921973656838909665e+04,2.034191474191026586e-03
7.900000000000000355e+00,7.933503636412415653e+04,2.016570969622550735e-03
7.910000000000000142e+00,7.945035100576338300e+04,1.999098339613985306e-03
7.919999999999999929e+00,7.956568046791593952e+04,1.981772754754522470e-03
7.930000000000000604e+00,7.968102472526428755e+04,1.964592976372764570e-03
7.940000000000000391e+00,7.979638375256367726e+04,1.947557773992747649e-03
7.950000000000000178e+00,7.991175752464191464e+04,1.930665925279534661e-03
7.959999999999999964e+00,8.002714601639914326e+04,1.913916215985162579e-03
7.969999999999999751e+00,8.014254920280740771e+04,1.897307439894996934e-03
7.980000000000000426e+00,8.025796705891052261e+04,1.880838398774427453e-03
7.990000000000000213e+00,8.037339955982363608e+04,1.864507902315957468e-03
8.000000000000000000e+00,8.048884668073295325e+04,1.848314768086633132e-03
8.009999999999999787e+00,8.060430839689566346e+04,1.832257436571866011e-03
8.019999999999999574e+00,8.071978468363932916e+04,1.816335150746337807e-03
8.029999999999999361e+00,8.083527551636179851e+04,1.800546774562519900e-03
8.040000000000000924e+00,8.095078087053089985e+04,1.784891179444993191e-03
8.050000000000000711e+00,8.106630072168416518e+04,1.769367244241136635e-03
8.060000000000000497e+00,8.118183504542842275e+04,1.753973855172135179e-03
8.070000000000000284e+00,8.129738381743975333e+04,1.738709905784351127e-03
8.080000000000000071e+00,8.141294701346298098e+04,1.723574296901014477e-03
8.089999999999999858e+00,8.152852460931154201e+04,1.708565936574253478e-03
8.099999999999999645e+00,8.164411658086717944e+04,1.693683740037449153e-03
8.109999999999999432e+00,8.175972290380140475e+04,1.678926273203957143e-03
8.120000000000000995e+00,8.187534355469080037e+04,1.664292845039347900e-03
8.130000000000000782e+00,8.199097850933959126e+04,1.649782413408213072e-03
8.140000000000000568e+00,8.210662774389992410e+04,1.635393942989222041e-03
8.150000000000000355e+00,8.222229123459094262e+04,1.621126405230426766e-03
8.160000000000000142e+00,8.233796895796139142e+04,1.606978778304857637e-03
8.169999999999999929e+00,8.245366088983385998e+04,1.592950047066427023e-03
8.179999999999999716e+00,8.256936700689316785e+04,1.579039203006144410e-03
8.189999999999999503e+00,8.268508728562342003e+04,1.565245244208612581e-03
8.199999999999999289e+00,8.280082170257452526e+04,1.551567175308846223e-03
8.210000000000000853e+00,8.291657023436165764e+04,1.538003677255224584e-03
8.220000000000000639e+00,8.303233285766503832e+04,1.524554119196910818e-03
8.230000000000000426e+00,8.314810954922989185e+04,1.511217544961445790e-03
8.240000000000000213e+00,8.326390028586593689e+04,1.497993004591683351e-03
8.250000000000000000e+00,8.337970504444722610e+04,1.484879554305265463e-03
8.259999999999999787e+00,8.349552380191194243e+04,1.471876256454366207e-03
8.269999999999999574e+00,8.361135653526203532e+04,1.458982179485705539e-03
8.279999999999999361e+00,8.372720322156316251e+04,1.446196397900839084e-03
8.290000000000000924e+00,8.384306383794415160e+04,1.433517992216729606e-03
8.300000000000000711e+00,8.395893836159701459e+04,1.420946048926575002e-03
8.310000000000000497e+00,8.407482676977659867e+04,1.408479354568467059e-03
8.320000000000000284e+00,8.419072903980035335e+04,1.396117333130378205e-03
8.330000000000000071e+00,8.430664514904801035e+04,1.383859107143980624e-03
8.339999999999999858e+00,8.442257507496145263e+04,1.371703804811309334e-03
8.349999999999999645e+00,8.453851879504448152e+04,1.359650559968010987e-03
8.359999999999999432e+00,8.465447628686245298e+04,1.347698512041342308e-03
8.370000000000000995e+00,8.477044752804214659e+04,1.335846806035776661e-03
8.380000000000000782e+00,8.488643249627145997e+04,1.324094592464354538e-03
8.390000000000000568e+00,8.500243116929920507e+04,1.312441027334564645e-03
8.400000000000000355e+00,8.511844352493494807e+04,1.300885272107443888e-03
8.410000000000000142e+00,8.523446954104857286e+04,1.289426210226133577e-03
8.419999999999999929e+00,8.535050919557023735e+04,1.278063315695251697e-03
8.429999999999999716e+00,8.546656246649014065e+04,1.266795783122813372e-03
8.439999999999999503e+00,8.558262933185811562e+04,1.255622812291105981e-03
8.449999999999999289e+00,8.569870976978355611e+04,1.244543608123349285e-03
8.460000000000000853e+00,8.581480375843521324e+04,1.233557380650582161e-03
8.470000000000000639e+00,8.593091127604078793e+04,1.222663344978784606e-03
8.480000000000000426e+00,8.604703230088684359e+04,1.211860721256198146e-03
8.490000000000000213e+00,8.616316681131863152e+04,1.201148734640892363e-03
8.500000000000000000e+00,8.627931478573972709e+04,1.190526615268530696e-03
8.509999999999999787e+00,8.639547620261185511e+04,1.179993335541256946e-03
8.519999999999999574e+00,8.651165104045471526e+04,1.169548415090133561e-03
8.529999999999999361e+00,8.662783927784572006e+04,1.159191114546171113e-03
8.540000000000000924e+00,8.674404089341979125e+04,1.148920699262916774e-03
8.550000000000000711e+00,8.686025586586911231e+04,1.138736439286234560e-03
8.560000000000000497e+00,8.697648417394295393e+04,1.128637609324244749e-03
8.570000000000000284e+00,8.709272579644741199e+04,1.118623488717500943e-03
8.580000000000000071e+00,8.720898071224524756e+04,1.108693361409349501e-03
8.589999999999999858e+00,8.732524890025566856e+04,1.098846515916494099e-03
8.599999999999999645e+00,8.744153033945399511e+04,1.089082245299761087e-03
8.609999999999999432e+00,8.755782500887161586e+04,1.079399602958111808e-03
8.620000000000000995e+00,8.767413288759569696e+04,1.069798150885377603e-03
8.630000000000000782e+00,8.779045395476896374e+04,1.060277210246633782e-03
8.640000000000000568e+00,8.790678818958949705e+04,1.050836106517741763e-03
8.650000000000000355e+00,8.802313557131055859e+04,1.041474169457920268e-03
8.660000000000000142e+00,8.813949607924035809e+04,1.032190733082488697e-03
8.669999999999999929e+00,8.825586969274183502e+04,1.022985135635798726e-03
8.679999999999999716e+00,8.837225639123248402e+04,1.013856719564340449e-03
8.689999999999999503e+00,8.848865615418413654e+04,1.004804831490040866e-03
8.700000000000001066e+00,8.860506896112277173e+04,9.958288221837217468e-04
8.710000000000000853e+00,8.872149479162822536e+04,9.869278189407945916e-04
8.720000000000000639e+00,8.883793362533411710e+04,9.781014230268994178e-04
8.730000000000000426e+00,8.895438544192763220e+04,9.693490111542893981e-04
8.740000000000000213e+00,8.907085022114923049e+04,9.606699639703402240e-04
8.750000000000000000e+00,8.918732794279252994e+04,9.520636660326504269e-04
8.759999999999999787e+00,8.930381858670407382e+04,9.435295057843205930e-04
8.769999999999999574e+00,8.942032213278318522e+04,9.350668755293851248e-04
8.779999999999999361e+00,8.953683856098161777e+04,9.266751714084233305e-04
8.790000000000000924e+00,8.965336785130365752e+04,9.183537933743109172e-04
8.800000000000000711e+00,8.976990998380558449e+04,9.101021451681590504e-04
8.810000000000000497e+00,8.988646493859567272e+04,9.019194223857275724e-04
8.820000000000000284e+00,9.000303269583407382e+04,8.938052618423091315e-04
8.830000000000000071e+00,9.011961323573243862e+04,8.857590912130183271e-04
8.839999999999999858e+00,9.023620653855378623e+04,8.777803417654097976e-04
8.849999999999999645e+00,9.035281258461238758e+04,8.698684483368985176e-04
8.859999999999999432e+00,9.046943135427351808e+04,8.620228493123162708e-04
8.870000000000000995e+00,9.058606282795332663e+04,8.542429866016306448e-04
8.880000000000000782e+00,9.070270698611850094e+04,8.465283056178077910e-04
8.890000000000000568e+00,9.081936380928628205e+04,8.388782552548114694e-04
8.900000000000000355e+00,9.093603327802412969e+04,8.312922878657614699e-04
8.910000000000000142e+00,9.105271537294962036e+04,8.237696621479058618e-04
8.919999999999999929e+00,9.116941007473025820e+04,8.163100470996406980e-04
8.929999999999999716e+00,9.128611736408324214e+04,8.089129171462512615e-04
8.939999999999999503e+00,9.140283722177530581e+04,8.015777499929481031e-04
8.950000000000001066e+00,9.151956962862261571e+04,7.943040266043718258e-04
8.960000000000000853e+00,9.163631456549042196e+04,7.870912311842385989e-04
8.970000000000000639e+00,9.175307201329307281e+04,7.799388511551136067e-04
8.980000000000000426e+00,9.186984195299368002e+04,7.728463771383163377e-04
8.990000000000000213e+00,9.198662436560406059e+04,7.658133029339686624e-04
9.000000000000000000e+00,9.210341923218453303e+04,7.588391255011600047e-04
9.009999999999999787e+00,9.222022653384364094e+04,7.519231617948283391e-04
9.019999999999999574e+00,9.233704625173803652e+04,7.450651099708124545e-04
9.029999999999999361e+00,9.245387836707252427e+04,7.382644873357905148e-04
9.040000000000000924e+00,9.257072286109944980e+04,7.315208141913947951e-04
9.050000000000000711e+00,9.268757971511888900e+04,7.248336138156178310e-04
9.060000000000000497e+00,9.280444891047838610e+04,7.182024124443308916e-04
9.070000000000000284e+00,9.292133042857266264e+04,7.116267392529344003e-04
9.080000000000000071e+00,9.303822425084366114e+04,7.051061263381180758e-04
9.089999999999999858e+00,9.315513035878015216e+04,6.986401086997525876e-04
9.099999999999999645e+00,9.327204873391769070e+04,6.922282242228870296e-04
9.109999999999999432e+00,9.338897935783851426e+04,6.858698436179396949e-04
9.120000000000000995e+00,9.350592221217122278e+04,6.795646914743230186e-04
9.130000000000000782e+00,9.362287727859063307e+04,6.733123244289168034e-04
9.140000000000000568e+00,9.373984453881776426e+04,6.671123018537261293e-04
9.150000000000000355e+00,9.385682397461951768e+04,6.609641858390091079e-04
9.160000000000000142e+00,9.397381556780861865e+04,6.548675411765028653e-04
9.169999999999999929e+00,9.409081930024332542e+04,6.488219353427681366e-04
9.179999999999999716e+00,9.420783515382742917e+04,6.428269384826340409e-04
9.189999999999999503e+00,9.432486311050997756e+04,6.368821233927544206e-04
9.200000000000001066e+00,9.444190315228514373e+04,6.309870655052717339e-04
9.210000000000000853e+00,9.455895526119203714e+04,6.251411851087006763e-04
9.220000000000000639e+00,9.467601941931467445e+04,6.193442307710540383e-04
9.230000000000000426e+00,9.479309560878165939e+04,6.135957952010349936e-04
9.240000000000000213e+00,9.491018381176609546e+04,6.078954736055950693e-04
9.250000000000000000e+00,9.502728401048541127e+04,6.022428636746069959e-04
9.259999999999999787e+00,9.514439618720131693e+04,5.966375655656473882e-04
9.269999999999999574e+00,9.526152032421942567e+04,5.910791818888676795e-04
9.279999999999999361e+00,9.537865640388928296e+04,5.855673176919700068e-04
9.290000000000000924e+00,9.549580440860423550e+04,5.801015804452765547e-04
9.300000000000000711e+00,9.561296432080099476e+04,5.746815800268978858e-04
9.310000000000000497e+00,9.573013612295988423e+04,5.693067824333752523e-04
9.320000000000000284e+00,9.584731979760441754e+04,5.639769579961289268e-04
9.330000000000000071e+00,9.596451532730122562e+04,5.586917325069454482e-04
9.339999999999999858e+00,9.608172269465991121e+04,5.534507340398992122e-04
9.349999999999999645e+00,9.619894188233285968e+04,5.482535929374374953e-04
9.359999999999999432e+00,9.631617287301518081e+04,5.430999417965626241e-04
9.370000000000000995e+00,9.643341564944446145e+04,5.379894154550950245e-04
9.380000000000000782e+00,9.655067019440067816e+04,5.329216509780322240e-04
9.390000000000000568e+00,9.666793649070600804e+04,5.278962876439875426e-04
9.400000000000000355e+00,9.678521452122466872e+04,5.229129669317230007e-04
9.410000000000000142e+00,9.690250426886288915e+04,5.179711969649941107e-04
9.419999999999999929e+00,9.701980571656873508e+04,5.130707678377128102e-04
9.429999999999999716e+00,9.713711884733170155e+04,5.082113356840054982e-04
9.439999999999999503e+00,9.725444364418297482e+04,5.033925587234005204e-04
9.450000000000001066e+00,9.737178009019506862e+04,4.986140972481955874e-04
9.460000000000000853e+00,9.748912816848160583e+04,4.938756136109069420e-04
9.470000000000000639e+00,9.760648786219742033e+04,4.891767722117926860e-04
9.480000000000000426e+00,9.772385915453814960e+04,4.845172394864631681e-04
9.490000000000000213e+00,9.784124202874027833e+04,4.798966600852465000e-04
9.500000000000000000e+00,9.795863646808103658e+04,4.753147520861233694e-04
9.509999999999999787e+00,9.807604245587799232e+04,4.707710386318984439e-04
9.519999999999999574e+00,9.819345997548918240e+04,4.662653277694352324e-04
9.529999999999999361e+00,9.831088901031283604e+04,4.617973034623209833e-04
9.540000000000000924e+00,9.842832954378741852e+04,4.573666754160683008e-04
9.550000000000000711e+00,9.854578155939109274e+04,4.529730837242505292e-04
9.560000000000000497e+00,9.866324504064214125e+04,4.486162418668737943e-04
9.570000000000000284e+00,9.878071997109829681e+04,4.442958413625942198e-04
9.580000000000000071e+00,9.889820633435696072e+04,4.400115755905093093e-04
9.589999999999999858e+00,9.901570411405499908e+04,4.357631397789715820e-04
9.599999999999999645e+00,9.913321329386782600e+04,4.315502309944757174e-04
9.609999999999999432e+00,9.925073385751196474e+04,4.273724319412229426e-04
9.620000000000000995e+00,9.936826578874101688e+04,4.232295669809767722e-04
9.630000000000000782e+00,9.948580907134819427e+04,4.191213456031144327e-04
9.640000000000000568e+00,9.960336368916537322e+04,4.150474790392707472e-04
9.650000000000000355e+00,9.972092962606309447e+04,4.110076802529132067e-04
9.660000000000000142e+00,9.983850686595041770e+04,4.070016639289830685e-04
9.669999999999999929e+00,9.995609539277470321e+04,4.030291464635979838e-04
9.679999999999999716e+00,1.000736951905216411e+05,3.990898459538259652e-04
9.689999999999999503e+00,1.001913062432149454e+05,3.951834821875180098e-04
9.700000000000001066e+00,1.003089285349164275e+05,3.913097766332069129e-04
9.710000000000000853e+00,1.004265620497255732e+05,3.874683449389545943e-04
9.720000000000000639e+00,1.005442067717797327e+05,3.836590262968081087e-04
9.730000000000000426e+00,1.006618626852538146e+05,3.798815536101818845e-04
9.740000000000000213e+00,1.007795297743602423e+05,3.761356613755420498e-04
9.750000000000000000e+00,1.008972080233487213e+05,3.724210856729306680e-04
9.759999999999999787e+00,1.010148974165062245e+05,3.687375641565511768e-04
9.769999999999999574e+00,1.011325979381568031e+05,3.650848360454113438e-04
9.779999999999999361e+00,1.012503095726615429e+05,3.614626421140259074e-04
9.790000000000000924e+00,1.013680323044183315e+05,3.578707246831760850e-04
9.800000000000000711e+00,1.014857661178617709e+05,3.543088276107321803e-04
9.810000000000000497e+00,1.016035109974630905e+05,3.507765968903960680e-04
9.820000000000000284e+00,1.017212669277300301e+05,3.472738851974754262e-04
9.830000000000000071e+00,1.018390338932066807e+05,3.438004469136287798e-04
9.839999999999999858e+00,1.019568118784734252e+05,3.403560378775183880e-04
9.849999999999999645e+00,1.020746008681467065e+05,3.369404153761984262e-04
9.859999999999999432e+00,1.021924008468789398e+05,3.335533381365528792e-04
9.870000000000000995e+00,1.023102117993586435e+05,3.301945663167904629e-04
9.880000000000000782e+00,1.024280337103097991e+05,3.268638614979928886e-04
9.890000000000000568e+00,1.025458665644922294e+05,3.235609866757119713e-04
9.900000000000000355e+00,1.026637103467013076e+05,3.202857062516231701e-04
9.910000000000000142e+00,1.027815650417677534e+05,3.170377860252297612e-04
9.919999999999999929e+00,1.028994306345575897e+05,3.138169931856185646e-04
9.929999999999999716e+00,1.030173071099720692e+05,3.106230963032680916e-04
9.939999999999999503e+00,1.031351944529474858e+05,3.074558653219046150e-04
9.950000000000001066e+00,1.032530926484551019e+05,3.043150715504140203e-04
9.960000000000000853e+00,1.033710016815010167e+05,3.012004876548012001e-04
9.970000000000000639e+00,1.034889215371260361e+05,2.981118876501965566e-04
9.980000000000000426e+00,1.036068522004055994e+05,2.950490468929183410e-04
9.990000000000000213e+00,1.037247936564496922e+05,2.920117420725798236e-04
1.000000000000000000e+01,1.038427458904025989e+05,2.889997512042476397e-04
