1.9250144455753337
1.8859678115726473
0.7045199333014908
0.9211660412062671
1.25459649277898
0.7902370048960642
0.4785704976139805
0.7199065775331323
0.9014127652617764
2.015635574169966
1.6608678401374304
0.466540898473371
0.8366755138071847
0.5850705203826879
0.8181481664226954
1.4544369087070002
0.9691671082018988
1.8049346103727115
1.2687277185820374
1.9585267976486493
1.0048911702176861
1.704598888488202
1.170247063031014
0.6999318561286142
0.36395494531196354
1.1431414031618532
1.0528741564107773
1.100108460266571
1.3538676743094977
0.9940377635124946
1.2215884843106275
0.3021492074877237
0.9548514854653347
0.5384992046131939
1.9453608366548025
1.5485800184950538
0.7723062554165022
0.9221621605386234
1.5008836129790932
0.33800832728159347
0.6093253674322661
0.5282700250472917
1.0586894230934771
0.4952162692530279
1.1653165347092838
1.0106576743402291
1.0003379888516482
1.5475775415295623
0.5604744794599659
0.583177826403988
1.2551935864819919
0.2218770032925401
1.0179817575910868
1.543656539858474
0.9935058560639549
1.4949869021394255
1.3668290114507493
0.5422149307317665
1.4086764173276654
1.7745893762206777
1.2152825587468785
1.030395867717739
0.8014278191189278
1.5119382060709665
1.4001855744712435
1.3632177744167953
0.9117844924901866
0.6063753525942254
0.5050903486385133
0.49427430008609013
0.5942829223229927
1.2858075128747692
0.5632666453640607
1.9697432008327591
0.7606490713077333
0.8967659071408535
0.8903265799647208
0.5031104414621411
1.4079240788149354
1.1758890484887716
1.063727746282775
0.36693464347217436
0.5265288418341725
1.5931508627495579
0.6407273705885534
0.8531045476313589
2.5963869862304634
0.5408185941099611
1.7487752093484374
0.5194481816304678
0.4109466460115082
1.13372932921429
1.498940400928894
1.1542089726294404
0.878980774158094
0.2815209594814666
0.7985179995446599
0.9000860375059211
2.089479899444906
0.6426629640808711
0.3963693002203458
2.039396352868836
0.7759698528746345
0.42708187250822005
0.507948461198262
1.2297965750955577
1.4742391005608257
0.3204139563076011
0.8936955754386801
1.0510554031689128
1.1348894693787135
0.7095904751072853
1.3045550024151908
1.036917203198704
1.3108547731552667
1.4066260054658897
0.9249753926123462
0.48007214699648487
1.112501992086749
1.0795225416298186
0.3752685596110853
2.1178687755377053
0.7860496493361544
0.4048991810771439
0.5357955078002782
1.6252709108133252
0.7861037651452619
0.6016624434626794
0.49344112003792845
1.147640698106966
1.1161125721972585
0.5104987373547312
0.5465964343239067
1.5232168144350546
0.4673717885871602
0.6118025089913542
3.0258836088358994
1.2397081565638863
0.8679339976594785
0.708696510486843
1.0595363628925167
0.7576263512986103
0.7014414603628139
0.3691556977471173
0.7827526253698315
0.7909252839702265
0.9836222624481618
1.5081476078067113
0.5673537690266082
0.7614274198350723
