95.88981503276858 
27.022935134655267 
21.51258724264068 
27.39232164446525 
38.51776746973241 
10.357574038697825 
43.42921578840043 
38.65777812386783 
11.298211584706769 
5.603422645773584 
38.65429037202838 
17.470787245917094 
141.1036211228449 
12.075220086209715 
15.887269933801345 
17.573155586967587 
44.60696586288605 
59.54087658758229 
41.111641586199525 
76.98638800558744 
7.917906948877614 
14.352839161749692 
17.24497287438692 
13.277859353223521 
8.867215462094482 
83.5361344394426 
59.25560599171239 
61.74807790635706 
22.32697802405961 
42.9799507808304 
94.31760531487271 
12.45425959180396 
15.505112863509831 
23.424019082863495 
10.082512060899681 
23.169339947889526 
35.585858564405974 
10.506908851917876 
22.603414281642987 
73.7644527789306 
40.296572280221554 
148.77603400268947 
190.61601666616286 
11.030273505502965 
34.270822551138664 
7.417842368086762 
19.82707956166868 
123.53185447617399 
5.418275427645073 
11.205977066136894 
11.242756150130859 
39.899328605456155 
44.11430666289699 
67.82025724525491 
5.191573947993411 
6.656401346167403 
21.254510030052884 
53.31099489590507 
55.08866121239299 
21.602523762589104 
35.15992206801923 
14.691215815459735 
30.02130536285498 
30.574656976247123 
30.32915926951959 
10.817928860416206 
10.370968153350312 
28.69923881541257 
38.06808383235676 
16.086838023425607 
18.18870501456019 
95.05401342264663 
6.68379615027402 
50.043965781865076 
201.5764626756472 
18.91744757897645 
16.867371158707535 
9.694204475840193 
14.390884689018568 
20.40860614861038 
11.052539471198617 
15.267173125812798 
4.87726767163356 
84.67177131839819 
98.86679815899123 
9.964034576876744 
25.626340520083126 
168.24494006596055 
7.752743696025886 
23.310471271076477 
31.94070255640901 
53.06442939616139 
87.84365331679419 
12.12630681830879 
89.76967171748205 
19.02238118963026 
35.145969662973286 
28.370922244401207 
41.40325846021757 
14.660243494437294 
3.3970650644629337 
24.965381671485208 
7.593796848243169 
37.21930261031868 
28.773382716457917 
9.773813482338253 
18.52692479241229 
18.70677942155192 
91.79858340962721 
57.95060821675274 
37.95722799927591 
7.996551119275012 
4.779741485388196 
18.063302223811235 
36.31559214538665 
13.40942718034308 
7.88039737488868 
47.82451701536805 
23.45458796483177 
11.884627736167351 
28.312294766463236 
11.085274187044902 
11.708024183019734 
1.6962447502902054 
9.551908078132188 
56.731725715615674 
3.2268992436143518 
10.994229658214454 
31.539882972162232 
24.996898461056645 
67.06320310294433 
66.81654999175528 
35.54564594482237 
45.12693526260104 
35.11628832607365 
21.743191527515535 
22.75834087616953 
4.688142320058194 
6.520004760774346 
4.300747667539605 
42.525837653423366 
37.639362810786324 
28.901772313879295 
14.909224999539472 
50.317966039119284 
28.080009358656067 
32.2669316448647 
19.85002765369009 
262.2170650545861 
18.850312187778336 
73.35001901771771 
21.968170701081792 
47.02940785561378 
4.954001034455347 
106.14728282183503 
20.465496024634326 
25.085927667281805 
89.25568594471378 
15.564398365845655 
43.51150373803817 
19.693574247034174 
34.51240005130171 
41.32139851695431 
31.597797495173516 
6.200413367963521 
24.32362928820843 
89.06692395663362 
49.14779776017742 
22.295057528093626 
16.65064600298275 
53.95263071189921 
71.60938989245527 
35.281193140923335 
29.506316702854924 
40.10313721150653 
31.001418520653242 
26.28113940217578 
100.80425664245723 
36.33952179872358 
10.13389824193933 
38.222435690880516 
9.681188160341442 
16.27535134908877 
233.80222315950635 
56.04255759243397 
48.40243356162937 
30.487730986620424 
161.97892094989837 
26.585454999984368 
17.027907340623837 
72.65051653088527 
17.514653455157436 
10.607170855377944 
56.19868094496779 
61.02437763122253 
23.60029426625078 
20.412311159785485 
13.364258836989586 
154.28360642848722 
24.809121671258932 
9.523020973822032 
7.712801743011553 
36.84243300822335 
26.87861471626884 
19.76439492891128 
13.614938579054353 
69.43527510990702 
4.217078457301109 
128.83637413624032 
74.02669513294853 
5.985072957066513 
38.77682076361988 
18.427514624233012 
14.187423177658363 
172.19097299719746 
19.50907960477184 
12.336262209731398 
207.99090777349713 
254.07742140004353 
28.500887372394846 
4.151482496072244 
35.55294069760958 
28.1766800750644 
28.97701854336205 
26.090809111632485 
38.754961501759894 
78.8629945819097 
42.88583369633989 
48.41132031423873 
26.78683779232258 
73.4766344201678 
192.93529348107617 
14.145860266324485 
87.56652826585086 
7.44760068294476 
82.18945927889999 
8.36298420622162 
36.35681533560278 
57.880463608393256 
32.29474525685024 
3.7159314506938723 
9.286165357863869 
16.993707869525615 
22.768428030137592 
128.66050835188696 
14.057546951924273 
25.51806108730755 
25.046366053324057 
14.061831523991893 
57.441326461911835 
3.848364542212506 
6.533271867530563 
9.92815102918937 
34.57493997680653 
33.244838490982346 
23.78461213641225 
16.619396646657478 
11.017638483534617 
54.66870388873215 
23.272854645000628 
50.504627374958 
11.220116110491839 
8.98795780068396 
43.91917784961703 
39.46123190350342 
24.917258464073225 
26.835046107404814 
52.58900960529561 
29.66652993751799 
29.198299888863893 
14.246067962596246 
38.521458956538225 
15.102663532769636 
18.336890102387862 
10.152024411693992 
134.8780819043388 
52.49754516069846 
32.596077513920285 
33.737481453681035 
181.70762637761078 
35.94208288197883 
52.04216221161088 
57.245955336808166 
297.0861430571691 
25.018305441166866 
27.46243652794389 
12.764195748136789 
21.026512049163046 
39.944483126993894 
19.884784717856924 
32.989820792267864 
77.7689396663916 
64.91491815751756 
53.82926833983364 
64.16656992345426 
48.694211371470416 
11.542902917489645 
30.509193658388583 
28.57065730955831 
19.862249152012197 
6.19708267602856 
61.971542251448085 
78.60886745160659 
35.808508973141606 
27.3093316008006 
10.988567258492246 
12.602471274686588 
66.86321482884858 
25.323102978779474 
56.75517320335985 
8.449782558227499 
50.86663963600441 
172.69646617736788 
24.741661155466 
20.59195233260655 
41.4166892588911 
14.733387032113933 
40.55048304592346 
44.6128413747366 
20.275551723263135 
24.171082639618575 
29.1420056368394 
106.7452714142151 
4.617210354581043 
31.564619353599074 
7.763235727081972 
15.27561122987129 
42.64430819537867 
14.928738480395188 
9.75612445284085 
29.332832020180035 
13.242932893894313 
47.06874878968905 
5.654188125026847 
147.23716835394444 
18.3681877322045 
268.2612077782713 
179.6637248607358 
32.74805119693298 
23.75495108599957 
60.07969910154644 
4.268791119572669 
24.727789968785213 
12.11131818513527 
41.176322375635365 
12.002092480235193 
34.45178540570639 
10.442348672599344 
12.752564946738678 
11.724949291290638 
3.790223082914036 
67.97581685078545 
83.33105537041293 
25.136721296047963 
26.43571010062597 
74.45900910049784 
27.97500910814113 
180.8512296313506 
26.900696679097965 
89.48501118739502 
1.4109563215467718 
31.153324502298258 
145.53569570021898 
48.344101857164794 
4.935045197896843 
21.54622690385688 
28.87491467508565 
63.659925601712644 
41.3206532392804 
16.713559201812515 
19.616185838663895 
77.83944733921317 
18.4715825257607 
43.382708395177985 
16.21137688257753 
29.09976347405039 
36.8941007355796 
36.65488002036713 
32.986472359668 
60.539210392245806 
15.066093267671107 
56.11620408346408 
4.492866853802438 
343.12110932523814 
113.96636416518643 
16.973097710697065 
44.361076183271024 
35.39796732865755 
61.613534947711365 
43.297049392277856 
45.24656140984242 
25.112055854283103 
246.46157685668487 
154.45378370710822 
18.14263505904825 
24.80331181716317 
10.647284207796991 
136.72437802166428 
17.320053341646343 
49.90120273414072 
48.32568811469215 
50.203395785350025 
79.62242825154199 
18.560227332689387 
131.9363409117845 
125.26150434796743 
64.59949883546804 
39.20390068696345 
23.354471695223268 
59.183680930996225 
77.87865209179189 
11.698743469223977 
25.978282544121942 
24.865941924087636 
12.640499710714126 
11.991492227363317 
25.861297485096944 
69.55598126970348 
88.85356777122942 
89.38249006389357 
10.715475509779498 
21.274391676781672 
11.917386144792312 
18.74577263647631 
55.965312959431046 
24.981244983174914 
12.039012563042185 
24.978074882548515 
31.083561318056876 
29.958838215033882 
67.73385951257947 
11.432831889537791 
25.24373761239072 
26.773767228283557 
35.368438714555175 
21.91041284266863 
8.192676177591355 
46.199445572813914 
23.38548528885202 
11.69205211159185 
7.907827143126051 
77.13639414922092 
90.00175711702154 
42.63753319128907 
71.5470580686602 
114.42512443037647 
15.977048526532027 
90.0188141144956 
30.07113245000741 
23.9896037059551 
111.36682540058287 
51.29951637041162 
66.63776424670016 
7.4670237135722894 
66.15977396612406 
6.387609075075265 
173.69318792601243 
4.520449329667159 
78.58216983188844 
43.65856413019866 
14.455289827074342 
23.737897021888713 
44.57523162064725 
84.69287551790417 
21.49223051317398 
24.49267688586867 
33.430684914623775 
14.781301750334977 
24.242773340572537 
16.384868564830008 
32.25996184317603 
33.73822435823126 
18.937932690083993 
7.646791690420201 
36.15928270600334 
17.877828887314575 
19.58882541629255 
63.27147485687356 
21.84612078240917 
12.466129873775825 
100.64523104151512 
2.9100634929291362 
12.485706230672687 
29.847688612861333 
18.125430796731504 
23.38754186600629 
56.81829995656002 
9.623784098096353 
73.34503226263705 
54.8974647111407 
2.134812270131662 
42.500453653110775 
71.40002261447358 
56.90467356535021 
9.532905542344817 
13.423873665250605 
99.24232971972954 
44.963971951469205 
50.441487952097745 
31.0546390344924 
77.82493644724974 
64.0972457274937 
31.31801986215237 
34.30766283250608 
90.50982255054355 
44.14729079373372 
27.673901488029955 
17.539171321771285 
7.138388520775552 
129.57122640928765 
32.53079828313833 
21.884275341772003 
10.236159180313168 
30.92367076245269 
13.66628062838794 
44.27702342594152 
32.1111249428619 
51.09990117081873 
20.46716607841109 
25.01663572275125 
15.55152784209309 
20.381483866315175 
103.77372885017483 
25.463665741352575 
10.909006905555513 
55.921851563080466 
11.229105632928192 
20.69205336555567 
301.90099590330755 
75.37588990665004 
4.890103592048886 
41.364248377368504 
25.62121484817599 
27.498225238760966 
53.60286605249384 
14.066976682789802 
48.05995432673217 
36.123344304388944 
8.85618361382328 
14.455447696159759 
15.992119178264613 
87.73067638965425 
11.996853059520209 
173.83922901243173 
262.7967750725627 
338.125659479309 
21.686845929236217 
7.851504398182735 
89.30107117162285 
34.36648336244846 
53.663048851473505 
6.494663724148991 
37.31782912217196 
7.176111034592427 
45.31238309722626 
6.514658481368873 
85.25967354747745 
118.40454789716736 
17.82157767308786 
17.146470548431893 
116.00449922966213 
25.908587987187833 
60.45484065284441 
6.282012878852866 
39.97014230320215 
64.95249722827765 
82.09685891694912 
18.658950554552376 
133.1203519865954 
9.793135291043082 
12.664870900455005 
40.675776478898946 
113.97091379118194 
219.3571413410059 
30.553165060353628 
21.511819185097675 
51.70777459722974 
38.9167740896446 
32.3370240142622 
2.174859904744093 
14.872309060217418 
63.32171314152611 
80.768241213813 
11.709411662726563 
62.159215211307725 
54.15457492195392 
14.41074617602055 
296.6694287844008 
261.55537640289765 
4.162557531730574 
13.360804112590067 
72.55933227958947 
27.14792480002934 
42.262359452711266 
100.85056751576235 
16.335709171750757 
148.9475615562856 
24.327401976080093 
17.601130915269536 
52.604941314190924 
164.50025818296518 
146.04055194174353 
17.110368806637478 
3.1439768455729213 
46.040029852388386 
26.970951897157608 
25.170803094337998 
263.4964973218009 
118.66814786526359 
38.956934195821205 
124.82414119601562 
25.98522836776524 
19.889061498758835 
32.39464109621983 
34.031022581890184 
62.6801723236033 
21.67521271820779 
35.71134205694532 
35.96909648008845 
37.02177579707073 
40.172673817507636 
4.90494603323716 
35.64483210400495 
54.62565879126647 
43.35939147000685 
83.68369863494868 
59.544201544432 
89.50694375432711 
22.66501394341353 
71.37812434760839 
9.45487216710955 
21.314659864402017 
7.385212840845097 
60.31698699232785 
27.213112634320833 
30.235511569748486 
25.354069024692528 
40.894001493085334 
20.6696517556415 
4.287321003323002 
23.70502979279691 
3.77774833843931 
21.3919469925258 
13.107381144359822 
84.4350544744676 
5.477765996466822 
115.83616714972382 
24.3818544487888 
18.497316010050845 
21.274369889361836 
46.51325037577127 
29.56222036777961 
30.504608978959915 
43.467387278045216 
11.607976344757367 
1099.8798529303313 
59.242272196286315 
43.674322178355176 
130.2127120787106 
104.80132796462185 
24.544905532463215 
40.50727535546033 
36.693100678459295 
29.72594332931263 
57.91194948879151 
127.20026236814623 
21.15830819060677 
52.97119140447021 
284.64307657692996 
26.740073940097737 
49.46030317561329 
110.52279355852451 
39.5286388159128 
217.8224783313121 
139.17077906874005 
10.370574718376929 
13.63981605088988 
28.68997305603812 
40.05984503665925 
43.641829639109375 
17.285003079050163 
8.633552270816944 
48.74346504255178 
12.348402831582948 
24.39892641955078 
119.28968046398664 
30.357624851073183 
0.7691211229735707 
46.78950429146702 
35.89969197613298 
158.66003199564454 
9.737973586701676 
58.54161679383454 
13.451998277209762 
41.76757170276267 
19.76176491192223 
7.768569777864468 
59.01570721703879 
7.986214806118811 
20.85729682021265 
44.158531864580844 
34.115912812911986 
46.659762039275016 
23.536647542351282 
7.449340338362535 
17.82244397798982 
9.350807182667994 
12.416011275368614 
3.7444746644165434 
19.333820314073506 
21.879386758920816 
1.2532271128114354 
74.0551773940851 
8.731110245254692 
92.12574680275063 
104.85898416440921 
8.826479379031282 
18.604550585891264 
29.97613174506583 
14.07437419212987 
36.434448761705724 
48.18806666959028 
32.667989774444834 
83.36253384991682 
95.52091165040866 
36.95055929847067 
34.15692879699095 
11.556787345610543 
25.357838020588993 
47.07023549866992 
35.29281498001197 
9.359523187022932 
22.164233456008503 
26.811721401743768 
12.325841405427607 
53.395843716607295 
76.40478415619032 
10.757734344502362 
20.727336557155983 
43.38905347821474 
95.52464256671446 
35.33901211242775 
23.963602695999338 
31.61120640800572 
10.438305249823038 
8.519422233150129 
24.166528162212483 
48.59013680234709 
0.8481770464759593 
11.313576575443982 
11.754563156056943 
19.696722161618816 
139.1908489576031 
19.92178568012737 
20.780947812364648 
24.398798525771095 
71.46920776817068 
12.930658091045458 
23.096971657818674 
32.283594044304834 
94.67562641863508 
76.66293299491528 
29.227392847687277 
158.26700256759815 
46.27115750821206 
297.2903383038148 
16.600797591077253 
14.962172578849279 
62.23231531554271 
108.94157175577722 
6.813740116444838 
157.49696553577814 
68.26932864005872 
46.2274311777712 
59.623751955198884 
151.25017025138285 
56.59323572028041 
57.894358531557174 
48.930266626876524 
15.439050479748264 
12.058399513152077 
15.077063709292212 
33.36745761812172 
45.835198135530355 
65.76445882710071 
85.46523585484955 
19.77123365710287 
22.13437004426938 
26.79262717305461 
111.25939823682205 
72.20425736417602 
26.771008684411417 
16.734171009126445 
16.173572486785357 
51.14486518928662 
378.4533072010144 
76.43914603935471 
10.237489723424288 
14.658881178416566 
33.17490776077723 
2.2970613687337575 
14.257519627247882 
14.514328491976919 
36.39145375193416 
25.165267329981315 
15.016126615709075 
31.857002205544934 
133.77039046058397 
33.51973954518599 
7.157940884059916 
17.910650948058123 
104.6799823376424 
138.19958794247836 
18.066370754654727 
219.16448351373788 
11.916911148023384 
62.51408551922684 
3.7512744013333537 
82.26396822213025 
19.918016703247602 
57.678138843228396 
4.45562710775125 
43.22734218163887 
17.592979234676093 
37.258595179332566 
6.006626680502901 
56.774799777873405 
40.61861552527469 
43.289494245645535 
151.93997316610637 
11.458183054076711 
26.969271501605526 
98.62324426917834 
37.82800632045176 
16.928482046065785 
411.10352389001866 
73.22891042545945 
9.354196245333705 
32.711642529396784 
4.071355970127706 
38.225826365938325 
219.47908408747003 
32.27277639680226 
47.89623184610707 
8.073170332317483 
42.39909146139398 
47.85046781047694 
12.673247965809214 
9.009916023367342 
34.109160477706524 
13.402944157057702 
15.980525640149184 
287.52577677096997 
16.0301694624505 
16.715468703579063 
31.78179812562768 
184.62176890680803 
15.946444403323218 
13.225527298741072 
48.167079154741835 
65.50440074468618 
23.7972133265288 
17.512567243580268 
33.56700385137636 
55.64925819245405 
11.176015784258494 
25.99997418789785 
12.424968304251298 
9.631715964937756 
31.762306727926603 
74.6688111951027 
5.019442262131935 
70.12513703491197 
48.1034359305961 
29.586302854055834 
28.36591266830882 
43.53201819590056 
17.247797700703998 
50.61262692139077 
48.990646836587246 
51.190556088812414 
37.27068480735144 
66.02638745840969 
12.444663366390671 
15.02839653014683 
20.09261300274473 
21.32287986465328 
15.565705757702057 
25.930463315803706 
13.440303768727421 
19.541029110179668 
11.562982070269154 
113.29497628837167 
33.32840145044494 
70.01379622033635 
19.60918065907308 
31.06134385291053 
47.99040183747369 
188.269444036713 
23.806494186936884 
57.59362925602923 
49.806710043926024 
19.21976557617231 
49.277428082447514 
131.40041330480642 
4.040645418701668 
79.4210421856798 
232.9853222161447 
40.80223552995312 
19.089583620617372 
69.34642406459693 
48.9410219334932 
28.53648924563949 
18.26835110262026 
25.967181692775252 
19.825584825944603 
2.2292900703645384 
45.95266535057361 
29.865523739545996 
47.72748276128426 
50.248746547374814 
51.35235325632552 
36.78278105891541 
62.20267637458812 
12.641660673056279 
8.382838533844584 
14.196837343269642 
15.55838502183928 
9.690342914944578 
12.480825281819667 
10.205045962906942 
31.42089505438712 
6.258091238956367 
6.145184214426288 
23.524022988137126 
33.08845726892939 
29.33432437798981 
51.80516097709615 
49.7021237519051 
8.167322142364874 
32.273856014115886 
50.0761123595147 
18.454195933368062 
6.752573052034587 
5.7557001360471824 
24.233389073786277 
12.598253264662581 
24.521029363936282 
29.727528655780013 
40.69753532285227 
112.97581661540764 
18.308092573592607 
17.42922266048833 
2404.8940455953452 
61.438041086446454 
33.65732003274258 
22.41884277671715 
30.5085132066205 
3.647250821920998 
60.840558423695484 
58.856521548526274 
9.673757005415268 
32.112615320046594 
2.2470904454000116 
13.837021423348515 
14.468560770001309 
40.81778749978673 
96.47203150958596 
17.702604595139178 
9.469759772388848 
15.457532809387718 
16.80280249631141 
12.799842023162451 
25.70260134911161 
140.03790588085226 
53.81735979070164 
88.96318088124738 
16.31452448502151 
15.227003470458122 
114.47355002198124 
119.05513576583206 
58.169604786018844 
17.771563501749696 
41.17055369863815 
23.405005972324847 
47.00883431323286 
14.495036657093523 
11.000324508567317 
107.55729399107958 
24.125783137334178 
13.662913485447726 
51.63460060335978 
3.7464830171983574 
18.47501989042946 
5.547057104120394 
7.73992585105182 
36.84419839963073 
45.79128974244315 
70.91203309997773 
27.729972034468705 
