16.058274879164372
6.871692633148287
6.704837970849605
2.314270301932697
16.864643526798673
2.1233068684518
14.274215882948518
6.198769823995923
4.9422126802028545
2.8274326142236874
8.831731403784206
0.8033975654290973
39.8695864517475
5.765383004619904
6.384167670255036
3.7767349008921984
6.881679455191028
11.447974652645868
7.310020036490536
13.186241189193764
2.7847739162313756
7.08286663191963
11.089064094543845
2.078232749881239
4.1297636284988055
11.650871801097088
11.252123425239889
13.095652969784734
7.525984015142597
13.791915256975338
16.706309884303828
3.130790808574452
3.1740791969310007
14.666290099655916
2.6043809225167536
12.67548835718252
7.209087197625389
1.2115419769726454
3.5177889080056195
18.40004080096755
13.208444459815125
32.472450790492275
29.022211393654413
13.589691473782977
11.471912037038589
8.451473748151535
3.1211990023609277
7.07761436629077
9.536408248315663
-0.38299822492135294
2.374055069688609
3.9545750390192578
19.922945639581194
32.278141707739906
0.1508869069604667
11.258949761834543
3.2428021260606332
16.026332511285155
6.431426096397331
3.9080382487584737
2.7800904094530186
1.7970799587840507
8.258340728672735
14.415426599377737
16.92370373637246
4.840779420696132
7.929710163961589
9.093138015105975
5.5384133464552345
4.079388784498518
16.411683224395116
67.96106660414415
0.4584797766419927
25.01786936491975
47.88414186554739
5.269979517363768
3.45279537333116
4.764059753110341
2.340120846302255
7.400514979635357
3.122879338345381
2.687919816643496
1.5707914983420668
9.837646883145187
19.513558800573986
4.298953924788778
5.7083920914386965
29.586647211762514
1.6426641786148641
3.420069626875608
5.079363682264082
10.82687209245576
17.979646976427272
2.1425282265382313
33.99017658985028
9.836844866644618
7.548940849355457
11.111661514719277
12.090613691665602
13.173615642246602
5.964449569019342
5.11656615080231
15.018195052272336
11.672658561575753
3.1542429074663163
22.317465601983507
3.1112245501880134
6.933059351009097
8.833600413941276
24.7377011730155
8.252296869926068
3.1077726744994676
1.0751320673825635
6.044652797192311
4.43508155283891
8.197251977111987
0.9782211586393299
6.817685431306632
6.131175514345807
2.486012347445794
10.63501438861112
11.079111597160312
12.284483634607241
1.4268749824577527
7.618500813465927
26.962353497433853
7.137132041706747
25.984974668393168
7.239887922705431
5.3728976651544365
43.096632016202044
12.527412156560883
22.52372964270288
5.060085185807907
2.234067631661789
10.409810010390832
10.199711407103777
1.3713645067278037
0.6985917358129692
0.8022029618105729
4.585803101609579
5.673702565328589
18.587320313233455
55.88405567234314
13.356704855095153
2.870233917482436
12.942527951802662
9.22446876370411
49.37412679845715
7.41560848308353
17.948107878983404
5.189542559644146
13.488692219977706
4.319802234569794
25.08882568017549
3.556519934341829
12.819936406800915
7.347401037068567
1.990003408970772
22.3531374213165
10.59171722763223
7.71276652680326
7.2962835237774
6.866491600740043
17.85960657477719
7.142980980250456
7.571756622632859
26.34011850715246
12.121719473394927
2.883149905051364
16.27983659143321
10.062622856007083
3.247651973678921
6.607801583605403
5.4222133655379245
6.19046377779896
3.139460201272315
22.384468724976347
10.756150054307984
4.180948998917954
7.871915440551078
1.5593848692408554
2.9879808932679124
59.39800901758873
16.771960472747256
4.0193027818927805
12.7611466332493
49.14167547392711
9.783128434085997
3.5874707561981842
11.215187316916786
7.420561883192381
3.8259443945547957
13.914424520313846
14.33959930324019
9.290004662482124
20.824315355874457
8.070666682006
29.52840080501419
6.793786046276665
4.174844475619139
6.389693716731384
14.833680690001394
8.092279166313805
5.174213058990288
11.712222077573815
43.21500993479315
4.343227973136135
76.25539910520276
16.782505896640295
5.810442468366483
10.055775450185827
3.3806024685816
3.5276530387514864
76.2495760760092
9.986197556397377
5.756181752852863
25.457683412074527
51.22136686613431
5.685348695769061
4.876174859934416
5.787301298653558
11.931868704811889
8.91953364870643
5.714630545906696
11.368712492333334
43.66516499686166
3.3178008129090646
7.366898837262543
7.7845315245921025
9.085425403009976
41.81887726058014
7.465924083391054
2.333860020494456
2.8146526106782286
28.39253716796164
6.253977130594674
20.779319391446442
10.824428381012323
8.194415525311225
6.68258823664334
2.572017841664357
8.645958717613608
9.905734416304721
19.94652408019223
10.778405762329925
3.5544773155381963
7.35364656623019
3.913503277224588
10.184372431313461
15.758970534017019
3.7078202422755093
1.782217927803482
9.633134430597616
10.158207225516652
6.881043595227677
5.742319559629665
5.7091432803688225
21.541345963802193
1.3277936736686369
2.0912891428232783
4.93618649600072
10.245087580636772
6.422135871669859
21.268036985706555
5.983354988762039
7.38723790726923
5.53569273431593
7.159719687332944
6.127011241002813
7.8939888449776845
15.96269073909825
11.460693789797913
14.307505152919433
5.0079439282419855
64.27056510101502
4.359697600830893
3.184677128781369
9.576785534045882
46.05599241970825
14.859628475154656
20.66109159788552
29.912836200016724
77.93207817965131
7.332652242161003
29.9173019890838
4.721691552003185
6.664652463676296
20.06574302276577
7.556241040663818
11.110210037512173
23.047536325841502
38.98521896701866
8.721536599194724
9.479192513187016
8.574049498391128
7.377341940816059
10.478218112966566
22.102153342576464
3.151992450278744
3.013834181928847
48.103513983142655
20.41802718499138
20.014286914111402
12.938130208601635
1.415741573820765
6.906940677416893
29.671200877362175
11.112239820886899
32.420305769899656
0.7353537085372972
11.670508432665875
54.66229339744443
3.9472262502206337
7.63258760369225
28.86567109675243
1.4754365338460735
8.719940281682883
13.815183952044784
6.895157740138968
4.519461949416578
11.992086325270103
25.845317501970847
5.2008811135323745
21.820912101052887
1.9928274366477357
10.265771538647908
1.4601889329195608
2.739413933627528
4.022647637923579
11.330986217775253
12.940824874719608
21.672218591817895
2.3477892116225703
20.851464207444756
5.955647206070216
27.56579546083539
73.00282650799878
1.079135361158325
15.98224343637908
39.1983465787648
2.896006611346103
17.12698222046571
4.22472792647853
9.605300556395518
16.04944470365572
15.586063796690139
22.43773797974189
9.449973059789729
1.1874589554104087
2.9620164801365414
9.621958436559161
29.012441925476303
15.366456208744081
5.286306481623392
17.09360179941007
0.277403920356636
43.53230588266465
8.495406248469697
21.21272386593195
5.878375421385412
7.43979842206226
40.58526436831677
10.225340870962098
3.356001972755503
3.3508621117993433
17.313678741964214
9.933579566348659
2.153646486477806
18.121732509314622
33.913496458143506
15.866177235458965
8.294853004444535
2.368730341143255
3.5542708314715634
1.3766497018204644
9.15965844094759
14.54154375763854
13.46928206142517
5.818959349000369
1.9219164755224067
12.613437440320366
4.5583695670306845
112.87956701002454
28.64288429657982
7.0787248967816465
11.176794089160015
4.313439104647986
12.373790138652566
20.873119236729224
18.083765199723945
4.696972766438899
21.1700320056895
55.778512075099215
6.357346225462862
5.947288148903043
14.976274119609872
78.8448463409303
2.6619332110264278
13.774615932141012
7.961907257411738
20.44436965080951
75.3575503815004
9.498781578140504
122.11847604716833
18.083921958032615
34.08412975890502
21.11942580350544
45.23069806772052
64.52745453956429
15.540054631522752
48.93031959407772
5.346717337892065
10.539349977965742
7.451497623487041
1.1433718941767959
15.340981208771577
7.6314111465365295
17.296754804508225
18.80014980556116
0.7057849337275596
8.12400592511902
7.120138055740142
6.100770015267696
9.950736754208798
6.388804452749234
1.4140202196247142
16.44296975971857
1.931080957509489
9.249090392727492
31.530939985613387
2.1353486712149747
8.0971666024299
10.64817593041251
16.776662581022695
1.0306432587694248
3.1888478850100883
11.11455515713328
20.236428328648653
4.056558170555048
9.944370326422309
17.02691178163893
50.39684601338044
4.437256573786806
15.188043720112923
5.561078312441056
21.9958084472276
6.797374078034507
16.464894007474864
5.15197286946855
54.691738633322316
12.683997794400591
10.454015277743764
2.9666725086615915
77.55287137014136
1.5012251446651388
96.99170412103453
3.361043537226834
14.095710728701087
8.63507402929928
3.588005235589881
3.2651995358020804
10.996928595844564
26.948295115388188
21.56339323162318
8.72219410170637
7.361811200325296
5.333039179281424
6.042541588561854
11.97067964404279
0.8452133889862288
7.371959408880046
7.183468884606164
1.1200390828872537
3.0792112625701242
3.084660154071419
12.61151085134012
15.483283442111034
2.330008135625097
6.88298809507706
65.91430535902616
2.3057097017447044
17.940386037124345
4.539060050515854
7.02149962468383
17.122644444858967
7.239638807081698
11.744386110870922
19.51392985208819
10.922207509334546
-0.040201706008292044
8.238503286677116
24.282445379045484
8.395055158330464
1.9944586591424325
7.030979979895951
6.1493585438094245
8.72394714972572
3.2978218358088056
10.940970410309994
19.470127694933524
25.77760711870717
21.954242321551018
5.940887653684611
17.688652543970797
26.979463447672583
5.584996039759484
2.572179677981575
6.723523380618885
17.538509038475624
14.39875136308689
2.5129813108336725
2.7070207396881076
5.6162184008756615
4.405650114967855
6.602307968037138
11.840646545138034
21.610256281448184
3.636966507266066
4.940049595140333
6.778383194836705
4.391739638736478
34.83175415759532
21.785741186357743
3.4672385935127386
25.0672365059105
13.899494877974602
2.515006250569747
59.885475229989744
27.45418877705208
3.139348694252111
8.875622936644877
11.307681352440767
0.5666113290614602
25.87311854251987
1.213819751868769
1.3314171585114187
12.760844405498444
1.4163103660504561
2.9831088690884338
1.4627193315026124
31.018881826616624
0.9267032037694243
77.158167589847
15.583034714848756
64.68944981624223
9.798528117425574
2.339919922694081
17.489288362262656
4.3025848450460495
14.69336970577225
5.977972367867944
11.755500379558066
2.4564421392316933
3.041077442791945
6.353629573718462
20.089334573650927
41.18106662683097
11.669605592784361
1.0276666516715631
66.42050486837779
16.747866836548848
19.6477470453078
7.182715444795429
2.632017712649204
5.047226235768576
29.116750486970624
3.847556894089455
52.89669857891706
4.455982077179186
2.0421911370399335
5.001662819479336
16.532435741435027
5.168970762685811
18.396057265349416
8.345637449816751
66.63858233275387
12.191854366035555
8.548908324699337
1.9092412955799996
10.439278822435126
12.44594868890976
17.012290513242647
4.756948806302748
14.963661646193433
6.425329558797176
0.889157108601599
41.702772987319086
50.32573496334827
14.569511390808334
15.20235728963662
8.78366286366954
16.364479781216865
17.9290498978003
48.97934731044349
5.99040746108783
49.2937623228958
12.412343413868477
16.260876810235597
15.463349226740588
30.701937575209925
47.02805402799108
20.731140187492276
3.917020158140665
22.565436676096652
7.382465694431081
13.780551003618854
53.44502971786996
49.73937471863085
2.7019230027864034
75.69191080079607
12.021965162300107
1.8495462521550807
8.087259690126732
19.32356930862022
17.30366479584529
9.12150387174701
16.04054420915118
4.147139051018569
12.793829620936904
7.64329592027428
2.254620251124692
7.462768672929282
4.1972097748787585
11.746936238932626
30.296180636808383
4.727894160431295
19.547601124445244
7.8729921559235
30.17651051529666
4.955102533358881
6.435329647530453
3.272778463012637
13.444504170607416
6.652798066963679
5.7643675913062395
12.526756440304766
3.5735580416259456
17.166746807200514
4.112076088682028
4.017227403057966
1.958414963945517
7.340282838433395
7.404721782075282
16.347096984401272
9.312715404839391
49.57278411858812
5.717648552132083
2.9783997203230332
3.082147747543257
9.788460185951536
13.734429013636563
14.36535041039368
8.584979236998661
5.731609414796019
144.93033459962405
7.7268606655811745
24.361761009234954
72.75992993750617
11.356129900147339
7.001605499003241
41.67068612203455
7.557247975389692
11.013327682890301
9.562603263653354
44.94379056515881
21.27374545549291
10.378489661940256
72.38572750778681
20.93798111694784
6.437230242612699
38.57958182014655
4.965792771792553
17.034680937584206
29.723751174647763
1.6302873362164045
1.857547797606358
27.566048476535055
6.328350636852437
11.199954368994606
4.7709169495719514
24.63566662696932
5.619185869374814
4.916418444507587
2.962056138269495
59.04808543755498
28.398829864680874
6.293187464160641
12.57911485024749
9.59965929316469
40.62273060730895
1.5585536215699942
8.851687947629545
14.113822056939759
5.144072121623411
4.579776645590333
6.217840179352818
27.017106294464398
3.180115694000961
8.013132709208548
7.172581212031288
3.7310194653161064
6.7811886823658405
9.766934609895417
2.1819693168740018
6.703772063998659
10.832340516470767
6.671707458953222
6.409691556024858
9.109057913546495
14.809554169615089
9.833385239362553
10.323863193352256
0.3398619076009472
5.2166911203809105
3.6159621628850576
2.5398630578323997
5.5439072019063405
11.875794599231243
2.8402345377341436
15.997433141848418
11.125947058971683
6.3530233135341225
30.342247072809535
21.094304770415388
10.375725447841727
22.52520875854829
2.136448094363476
5.594026042445393
3.851060947360759
20.83882940690109
11.27190295510889
12.09035388149454
2.631147815730287
23.517440420059238
6.908686049323264
17.602691439946238
1.5811116517928148
7.419159120872354
41.217652422035535
11.787899205839851
4.046159181407411
3.164584350406509
17.120193439635873
2.804102049368801
5.9990329939932545
3.912559334207784
18.21797780356693
0.2890546213750693
5.945822816959719
10.988010893318851
7.420539525546941
37.47534871502583
11.728929805940714
7.701317990382086
3.071277701610998
12.030299755951992
1.4510032259026027
3.5145820139997968
2.253761479078375
50.6794920323904
13.20667588315065
23.1516278076417
33.39822426533482
16.039780477468934
58.69474353888237
0.8012727884079949
2.7643086449660323
39.36624816212509
33.988875449194126
4.400156715018583
28.397940896231432
36.21163145130488
14.135581556332355
1.4961615404661008
28.45731709893972
3.6010941014744247
11.976710384753941
10.590721865461273
10.75952787077954
5.959746544167133
0.9570999189513715
20.95894987832412
34.11456986892639
28.589296208814666
22.245826079378123
18.859922430584927
5.15306881125179
1.159882556946233
28.129969347127183
4.090826200593226
8.841633137561443
4.372031760612552
5.969513244820084
37.43681132807118
36.207255771313314
34.60513047818482
6.3572106473177765
5.009417400287663
10.98680053858553
5.079492425382526
3.535920762578251
10.300488791579843
21.172594097946043
13.092197468006697
1.5248469353451377
6.9312601871835255
9.053947096583343
18.276537325287993
9.703951935340607
2.767881700016364
51.51550297686199
20.22488619009305
1.0259445281108628
131.2357691817242
4.544187980441095
42.193682576595116
0.748125500993881
19.707592898733242
10.588689685054067
16.482777285181378
2.27207829344498
11.718610790131391
19.255963266269077
14.509050939128032
6.440422616752127
2.7593800257857932
8.410380664473823
14.331330006437996
10.670730873530887
9.344054714612168
3.4961654069455714
23.175819913196722
9.655547236901414
3.7021894357898217
73.27616795402176
18.742631023549105
3.6686732578457364
6.979490277713041
0.76579356467121
17.006112661828837
68.03780434715159
2.449586400798985
4.044448445743309
4.304266792414565
15.105392999271851
9.480183397578879
16.34474868994296
3.87618775877647
8.95999913526744
20.8231903263714
1.6498319607110024
4.36185967491101
3.7353243410843513
2.6359071988082494
10.148124964469066
18.194922251748945
4.1032492428281735
2.6932169343307626
7.987072238041264
26.12081807009569
12.414527550244586
14.255373594623855
15.578642988708392
15.966626542801917
3.4476200264548855
4.8744828830658244
1.6744341026440868
3.242369289020394
14.79414697466123
42.87574827359947
16.801248249638267
17.570255036338967
9.243508033076441
15.567413903336883
8.299492666716485
14.249432722441037
6.697428261213082
20.43924581008866
9.502384590936215
14.670452210319565
4.396756997089518
15.038253305286826
10.221159269122047
-1.3230112716379117
0.25686615941271196
5.967935265822511
11.59652791023005
4.403474585377221
4.182353529549898
14.604912621316181
7.527009831759122
41.20727913488261
4.690049150729223
64.1689806075344
9.454301773133347
3.2521457003846783
11.679114762983456
21.15319256267072
5.084258245973303
11.11559243235707
5.754236616861031
5.350614250001649
13.582465128513746
26.545627674376377
4.532730109828297
9.31114176047703
59.139104785010886
6.372397137750764
4.187167350837818
36.46818135770422
37.42270965030415
17.653476952075142
20.573366979983728
9.358801689558623
5.5467246686764655
2.491969756655122
5.104020169098173
7.10467434702319
8.978192683647
44.30817959581409
11.074463420644646
9.645975173758274
34.17753937666832
4.514409818676703
1.1954911140504993
5.371592628577316
5.01939366187223
2.916238063354227
0.8219161847140265
-0.15706307641075032
17.35523770463618
8.910404539399947
2.312906812030912
4.9339974923840435
4.709656765563623
32.19265452116502
7.972174495069036
30.820413730757185
4.94071633232476
10.604247705327287
22.982473482713576
4.778497680078311
1.9599603171604718
4.601278228722206
13.449930770121869
2.632740877417864
6.479224815269576
13.241150992324634
16.339040222557554
6.549753925697681
1.445103089079667
2.1380814569182642
603.3463662859625
41.56939082803791
22.081857189734997
9.86067449639066
13.692616959030437
1.5834992793092277
21.40119204402609
6.748492699235697
5.607400363013522
11.938876903481331
2.381879599096924
8.995610469155414
11.719083880087634
3.6739567592298092
8.06065056588161
2.246412330274235
3.019182479035929
6.2284958127230095
8.693000133435993
5.971035261731509
3.9255646235933352
76.47931540296972
14.05469056059566
47.133423496112286
8.983199054989836
1.7625011485445028
28.720635677187964
60.93842095056016
4.361313935526871
4.905851255744077
9.756611746289176
4.89573299540469
11.411174820640547
10.904097822514155
2.807179292239272
15.253813910999567
8.234478077250547
5.986316582296638
3.515817614036722
4.128550491852155
2.8704895614880606
2.5390757506223904
3.4197603140620645
10.549441372138041
16.828962661310165
17.47497165919151
8.675765504385657
