20.858177101773375
3.9262469347027267
5.72808984787706
13.19479053591311
15.325029154996514
1.6805546168606835
16.629949132108724
2.7928562592261716
1.4805560698367684
5.16102354653992
11.76713628526714
3.270267882534284
41.56385988492
5.103421674167047
6.343093331906192
3.0406864830908384
7.98334645166738
11.699925384841698
7.2624428182929766
14.657530986119488
1.4972573347117133
8.855679428889243
10.074810235522852
3.7941360141057374
1.647379292798261
3.836157780926807
8.529156846283426
11.493037898625273
7.714342868909453
11.203349495427332
17.070719347264774
3.5295332132062796
1.9833032120539158
11.954771685411114
1.5280801044335226
14.625296843927343
8.309955522007337
3.199531222338193
9.89255907220222
16.718395330963585
24.920591022817316
28.655338673108567
15.490998724934757
10.01090137527865
10.520082707077897
9.076887601835102
2.2453739697226593
17.217035531738315
10.79978029172214
0.564115326740561
3.012270455275826
2.521753835242687
24.340840360431383
37.610019825000805
2.6408522775875536
12.328624585022663
5.536265934801372
25.16625984271412
6.683008350487086
5.051743726016894
11.600961717225186
0.6067809825085275
6.980446311690556
14.816266793706003
16.8869500628092
7.7519361457081315
7.341932630588379
7.098894355321021
5.810026636639629
4.782532285447918
18.511445071296663
62.48153216784006
3.871700885933253
28.867520714801834
40.44584962692988
6.210153507176799
6.248530413795553
6.376515936603806
2.015005006768946
4.87101543840436
5.6705401016929695
3.50001103598195
1.5721183186670513
15.732766084360872
4.561119457535984
4.242804412528639
3.1296037688183174
19.702372388379096
3.5980574467636646
2.5270245470134123
7.380216043406924
5.180203725401659
18.794091778000578
0.5841495195126745
31.78578511280284
12.632439760547873
5.7960655715133065
14.42708221539667
13.3295586532765
13.90102815396695
4.945752175126077
2.9962418289881034
17.553664543705985
6.607088639275788
3.935128761115545
15.274407264701951
4.363867149865186
6.918620064832622
11.70257402373216
23.685453430246625
13.567329464934744
7.436963354092292
2.4249660600274683
6.236094229971057
5.53135815100279
9.065733055780042
5.228242689627155
8.734329175660582
1.6482973402210555
4.356137071131796
10.759258976595921
16.430345483275335
6.907288814295134
2.2031151561149436
3.173530451901477
22.70999030052283
5.629500034175569
25.986039471071845
2.796749256259872
5.105719376868933
44.43209161111477
12.269815810140829
22.168550470716397
4.415091187866813
11.650127650555941
9.226208669107976
15.118909022072472
0.13685804452870282
3.6988716417727296
2.045304329031937
14.892470309974149
13.081288918359455
20.35049684876064
57.064001821156914
15.373207872159076
5.372386778927428
14.537321062120084
4.455128764402449
16.815382071842503
4.816813875298612
25.256986706179898
3.451716166839458
7.397286825966112
6.9912964308160825
27.757382860229487
3.752255668486104
13.406806092128038
13.510161607400153
5.659022816429479
23.88401788259569
10.877547093481496
4.369100462479424
4.147177363718899
2.1810851282083705
19.5040120045996
6.3438476630341665
13.51345923316351
24.921117405536748
11.501015080133069
9.049080453565697
20.213494792762834
16.687818478629957
2.02165502237133
0.9298962319615571
13.605761863486093
4.326126906804131
7.362851963105176
28.0341369804478
9.18507190030637
3.528116687160611
4.461429388833087
1.8699767259456332
2.7272436813734084
81.9019078082428
25.664299949702706
5.232538732389677
9.796056862114442
37.70547647345872
6.924664887112607
5.674295616500618
10.790126298280656
8.12376941980647
1.9439257155444398
10.513617933900761
9.92412631221873
12.565856085337096
21.94082522292219
17.477599172236722
2.213441077140789
8.780802233999015
6.171415198330065
7.055972544175045
11.640700987938535
9.405433939251756
6.364396336949408
14.231683855191976
40.33131569674932
7.673831795330518
74.40959961161427
13.738799393257647
16.071428066224225
8.852116318574588
4.922461300510342
4.152593769300518
72.49730304309367
12.111364343357822
8.167787790669928
32.39853589460213
22.531686094212407
5.7124446475433
4.344607698992724
4.442732744341116
19.343269454851526
10.647296080489616
5.450231420931659
11.507939867546826
44.59448317355257
8.7585892108352
14.812578567558402
8.797678787612536
15.63857026527884
25.8483264846656
7.121581842619108
13.13629559312292
1.7431115476166539
25.473442759722914
2.262614259688323
14.370925053431515
6.951752140722991
9.35363595024237
8.478431608014603
5.644394663603466
3.467148240664792
9.46842410690714
18.443902276494185
12.858108113631923
9.389484463933528
5.019374848468769
7.584680977822012
3.8722375255317596
8.126400343559405
4.326471019361187
4.380844750822493
7.879281651978126
12.155131274961983
12.005506422051035
1.7331056481746059
6.528585067396033
21.35386433047747
4.587202221567432
5.7537573525328325
1.8870267042463875
6.945885554810993
7.79685363637589
18.029947658849945
5.444597731092054
10.162671354122265
9.908412337185604
7.453854495519492
6.0066910138389495
12.35655675189103
10.359092944718146
12.69777978386707
9.996607173070252
4.883234124744789
62.52025946366078
3.271696824037865
5.3609524237148545
6.667931780181639
35.95901082372085
11.29966221268103
13.230185105517258
30.66785768291152
40.55055269695095
8.056573796038732
23.8287765257278
4.905672862593155
3.401130864905225
20.119585132046208
8.143457465165241
8.891749805511735
23.495592288544568
38.06874446599837
1.8126908255414667
8.372188864742194
7.731798315901402
3.2864239642787982
9.701694959101527
21.88910042733812
3.183247108313436
3.4079499181671515
51.89953556363181
22.210843387559354
19.290568748639856
13.165224963299346
4.442952053940225
3.078920306785931
32.19349715939802
8.57263078792683
35.707603480936775
1.6955524742524972
8.668735192552706
58.69145864738239
3.3784224586023814
8.16954815803231
27.847439519916808
1.1587564841082887
11.20234867182937
11.226041971766525
4.257662218449748
3.7557298952926823
13.283446629371987
23.267503388571864
3.0693160386493425
21.061959065952102
1.547776119415565
9.84968285652069
17.084281158942325
5.027829191009045
5.895340285673191
9.462817350506997
15.06092698381003
29.21167882728305
3.7660188259816643
46.72981336222846
7.931802264084255
17.80109264797897
63.333572423711736
8.561814570699696
12.220744155113765
36.062850401014515
1.587638186522235
19.633746306015773
4.017852552320545
9.381764830646858
33.480472873417796
19.885167847024853
22.053273363459827
19.695558202236843
3.702650543820929
2.0083741654349523
11.216162645297924
24.686293106152988
13.432912856008329
3.007310968227422
12.123412266348677
4.165851939468194
31.865373408038284
13.081898787944235
10.763259728622073
6.392493940922595
6.9364317665268045
27.09452547510821
7.255611868989853
4.864632354625164
5.970183232992906
19.14323825518699
12.195073402942077
6.587618865232636
18.42385039084544
17.418363217568583
13.838761017672036
10.874324978819718
5.910517492818731
6.448107149853559
5.86761464968601
6.808589521593128
13.687785561714403
14.618914241942903
22.395105959872982
2.2448728867595302
18.409116948293903
7.886008139555644
111.36130147833224
23.94014077915172
4.515054585098669
13.579113975704294
3.8573785187443113
2.0391054458498576
19.985326583865582
15.67403055754435
11.68990745466837
36.03972959161603
54.97460487644512
7.015341500810424
5.687223273774933
16.903450758568656
63.50315886766152
3.3997873586645593
24.09735943817924
17.726315618730943
17.13567214635725
69.48467129719926
8.686087222816598
119.52550616941525
25.400030220030335
39.04978066895557
22.864216746240334
47.44695411749941
65.7424980756659
11.146836482687807
52.41034446866389
5.277931514910811
7.448509935009621
6.233011691606054
2.495968637730217
16.652539080348262
13.232883849443319
10.218057547043095
12.826708589073565
2.2324377648457183
8.071622796826292
6.261375046659104
4.010694239021842
6.200915825092434
5.99381427613178
0.0896299818165298
17.146894958933824
2.8952794894178306
9.503109780128531
42.141574270731354
1.9209818712344557
5.891233473918167
7.761550113003663
22.228970406507912
1.7076127613133365
2.8841082201581787
14.671767991640161
14.24932671970076
2.5386953858691577
7.782028920424485
8.730045267275413
40.828318343216964
13.936592430443776
11.24258182822744
11.600359300199944
14.15956469091184
14.024367447626712
16.70804720102019
2.7230671569275673
57.053677810777906
10.252896788402827
11.947005146722267
3.294024767981372
76.32791080900172
5.954136990313594
98.97359085336969
4.800353187835417
16.56216376110144
13.413775578433407
4.394088088079898
2.666541972423763
9.202939290460304
24.300699043760943
0.2713842232871772
5.354512437715064
0.7263398403455144
6.756784043407327
1.4941067255515983
16.65824825417197
11.367349587788253
7.851461869421102
6.212859459237966
1.6793946441684156
2.1916499282338724
6.235252055003324
7.530148285342792
15.72148338019453
0.1472721185952715
4.880352921655369
33.49184303414898
4.285110990769731
14.063326083302016
4.567656454968279
8.425686934333816
16.000712153584377
9.429183952268245
11.576433141913135
16.79553239213347
2.344465433784334
2.308407743708451
7.0211900918030965
17.16120589815226
5.006340561442598
1.635441212355911
7.529476140635998
13.16998975227367
2.261415404253323
15.927185952834792
10.648073047413776
19.896237858893606
29.812704513477993
20.301402655983566
2.037699912164235
12.476775955871949
36.10426142218112
6.134361367375553
4.632307546846171
2.100784339349417
21.455202098349794
16.9182643489234
4.738203461886677
2.925892675757093
3.8616939857104557
2.267927529502956
1.190568750133756
10.453423464518877
22.872697828826098
3.713473629392233
5.300474016855282
4.703334905437414
4.482311479114582
41.37961275650168
22.3503661933149
4.083708320747123
26.52217722085956
8.383865610297656
4.2735936466787345
62.27523722451352
10.78019337175378
2.3441160337969866
3.387012899706206
9.880945510517668
6.925382006776189
24.872753006831378
1.889734146591066
16.619537643868654
11.594160103878831
1.1178051110491838
2.707819578996538
0.8873878852851251
33.37216875506381
4.12787754250816
58.95366565457012
32.66264645106766
6.579652051988698
4.745489085495498
2.6067710075123247
16.520444269165424
12.646638511837663
13.848354709804548
7.043934870160392
13.353950402087282
6.002949207731422
10.165429466473412
3.8227636005582575
19.28371055334872
54.132617639032624
12.737753637324802
-0.08425473474644385
66.46926462025057
15.222319813080246
18.43087949543202
3.6517134093124484
4.16557156856859
10.87068142242232
29.952577308859198
4.260908304625371
50.32750495763696
5.384515674739219
2.417578875407625
7.680209871166359
14.44282078207506
27.55693972836527
19.789133898203346
7.40508879746944
63.036858599935904
11.384844196309936
17.478056797267246
3.9502373256826186
5.956137065029583
7.323679407714084
14.470560095232273
0.7636474467687804
17.05043427819686
2.9734900299238554
2.679096865362465
45.40100595998287
48.96898086475848
7.654702603528069
16.446182341850253
12.134244915106208
17.270995555105152
14.85702529590635
49.12147626815377
1.827912761497621
43.10853483218829
19.96638909025988
16.764026833784726
11.553900762615193
35.9102974703745
44.942428917040196
23.801832769458414
2.350604260596587
19.23168166551916
8.64937328581618
15.042112802710186
45.86967708031631
48.70997891692343
10.571060269000172
74.23087981054637
12.801816504649889
2.209617534029952
2.291030940639649
18.02493443535002
3.8398851322406338
9.501105977845853
20.369653105586742
7.026745421927314
12.686200228671602
7.649021085013172
3.829724826426771
8.943510216858888
7.897011005931521
12.24095159037664
32.02976666244547
9.399392531298748
20.263027773916058
2.7680098627734964
37.85718140520062
5.652226293403378
5.478956816446094
3.2665357197674654
10.30708416730796
7.461582882467936
8.934455682320063
13.037091375174004
4.289122815922707
11.151690090937047
5.368457861367689
5.798048896093519
4.755095420295415
3.3929257327772753
10.578129399344432
17.3809847353537
5.482947015092431
40.4757646783109
1.6206797338493346
-0.7798771882973403
4.584562707353822
14.470799190796658
12.941289519243574
15.487131634752826
14.833211277171698
3.367967854632325
165.94085309026866
7.752958663435706
27.22628484574502
41.1495999700511
6.313769989518163
2.355035021345323
38.82213046698548
9.060025245353723
9.557406736594864
5.497169221712219
45.33201452747889
10.124422671519726
12.15436508798532
55.42401583088501
25.571479329256217
6.26170469296262
42.61007922037359
1.746973043563997
28.753481055795348
32.90018079292123
2.957987151967407
3.507279340998713
28.898947341506172
8.123656992338478
13.415951633721374
3.5855386937240157
25.375375755652083
7.842151255763771
9.678010418684602
3.4535199182925624
56.55553552236644
28.69959774412695
5.790448157360078
9.440740672906193
10.102428406749596
19.86176607252356
4.568407282986396
7.61476319304427
16.846874122760653
4.258199581858077
2.9191008766858997
4.304800747308865
22.711105928052692
2.9641944878219793
3.78756449609013
8.657297568706538
5.438182698943032
9.006384872088619
11.432001204223283
2.5336266727172636
5.110764725685255
1.1583920899961444
1.273421918160018
1.2171015577394102
8.146217391797249
14.565729496724108
9.991772570266717
18.86488091982046
1.9374073780911067
13.842036901180157
14.696219106091972
5.709368465104532
9.432874635153162
10.27264780657952
1.5970630138626674
16.9468618603236
13.71585841413236
8.602363818228
27.760832790559363
14.116545521677608
7.545032922225223
21.212094968799207
4.413994737647002
4.941385546089476
4.874722262049663
20.108901956289305
11.785750492143102
11.495173590369316
2.790333989585583
11.504640825047714
10.434293170855396
18.841215683665645
0.8769119948871048
5.034296778727759
39.46230887574689
15.113766747787107
7.7422881583074865
1.29596282683064
19.42674369593892
1.2164204221766415
6.440260379731011
-0.14659834527170656
22.316596793279132
-0.16582976717439507
3.688842271571508
12.439137082881505
11.618282901290094
44.28676442077717
7.337145232202982
5.016455735674131
4.754591943448241
10.338487557193487
5.562437556220812
4.6773060901435635
6.753011638669324
50.5614425824056
12.824605660302515
15.61578730777273
15.638895120989499
14.84220242602117
37.42453192660966
3.122473344884917
3.8249809649849142
41.15135872779088
49.740736923135835
4.2323204476202205
29.268988407723484
35.305066751267866
13.32784404974297
7.957697322288834
7.969533021982208
8.59213023027993
7.658399008491543
3.550080769316267
15.476788909774902
5.9229257424589825
5.161421000531157
18.46381678848297
37.950755611501926
28.39810383305695
19.084024230438885
17.552540174465484
7.377006554854051
3.4063675660434813
36.61924039137039
11.259337599944226
8.046935510585993
1.303049090421843
3.4017511757928522
35.50208807240765
59.12947883342007
32.05295611568634
3.9423918574639822
5.5003623954507885
11.7848052163739
3.131738223117442
4.132699780317512
10.292121066800968
21.543500616932864
13.342504160952133
0.4327585857894385
5.542060601863303
22.100351396343513
14.717141763943928
11.199433568581433
6.892720356335457
52.624445516850216
26.958373548707435
2.795230048847009
134.69655858150023
10.978409640797338
42.3213495403856
2.711371308456214
11.916549713296712
14.588878340877557
16.447405038634304
3.5096547511358622
9.401980100173096
12.967641635454429
13.007707394079704
1.849037390647031
5.960438587503611
10.963378568577072
16.05306696456773
18.499362583582954
8.377222068253321
3.7354017782838165
42.77395693030729
4.509002507963649
4.09580127082048
81.32424746467554
10.020414898205846
4.585463254775616
3.749541421427078
7.865103324587745
6.62285667836271
56.70190840403827
4.490830022225686
5.534299516685324
9.732016185075942
18.116179135290352
9.088580981885345
13.809717359370167
0.3279785808307738
11.581577109557774
17.295660031402655
1.8619721796862878
40.14777011832459
3.033723536075262
1.8561937058164595
6.882931495270421
29.331951167612917
1.338118595843286
4.359497764663054
0.7961871197364975
25.084872837160276
11.175404379111765
15.010391123111413
19.10299033214868
15.031292482337165
2.1979738589046454
6.908198859986751
1.3701167498116646
2.7960713851153587
14.242113522576373
44.32819792454957
14.363209042703172
7.858192597794553
13.333312504902153
15.918705859960177
11.83468948658399
16.843241049273427
1.6220172484646167
22.219189976571084
6.7056994416795686
14.797600797413422
4.369930734744108
14.383656625346976
7.808090747221465
2.663571716255467
6.024589455900357
4.306560650252227
13.740620259282931
3.3217796817483585
3.7888384773640738
11.437654954345941
4.886507370963378
46.85465209905262
9.66929536459939
65.78474666394793
4.79155795148189
11.198251022938845
10.288458600259792
31.786578884981854
4.821117814364234
10.797717770140597
13.321970382673157
8.583998414718709
12.155649122639764
33.17299227087319
1.840312193017619
12.940471072447268
58.34312963924384
6.105376140127367
1.3913383419884735
36.58930920018021
32.14103981997213
21.708932234707465
8.007908726078997
7.405168998975106
6.738408931193082
1.3019740827899926
9.67067373532165
5.328274282498337
11.971658837483364
15.903225461200439
12.362326519597241
7.137976073141319
35.96329884314603
4.863583724094402
1.475942252897287
5.610096007164303
2.559923204249298
2.904121410999697
2.2551835444959494
4.579478123528044
17.68181878380804
13.591285003933729
1.2695758805270811
8.877050850035317
4.819099749475459
24.514076159111042
10.699359785064749
32.60680573207301
5.676061466951784
13.38256144137189
21.96297711512101
5.325077401555182
0.3457949739768539
4.505613777077401
13.813405964439651
5.124988923151889
1.4985450907373281
16.23979985275347
18.718910332566125
5.927858102807821
2.2077384307875696
6.34289908610595
555.881153517697
41.58150759978375
32.26837064352741
11.655744965185958
15.176163139856648
2.404269253390653
21.356223966418657
8.705062666749633
3.43723298663082
11.191267387921064
1.2851569422787033
7.27635692081646
17.901593716553453
6.062734222740823
9.571894089450828
4.477265107070122
4.988573399915534
6.5850554690415875
9.059352401097522
4.977703854831488
12.018027783766565
82.34500879744002
11.932010653876764
49.63203383673181
2.5252890215229358
4.890373643460985
25.01344699437626
64.99004549096801
6.940246519661874
4.399050807773444
6.80987267120437
3.3326937176908173
8.801902958354354
7.351439439201179
-0.557787640822932
10.162944230941294
6.122140952429818
7.494358356341346
7.289445409739676
4.227848363447985
4.6948653862786145
0.5229912594680468
2.0565321090718873
13.828141981822403
15.262465699051045
12.104549436722532
10.985065809112813
