18.516321835560802
6.941799122655782
5.622981266718745
13.006552785207816
16.68238649327479
1.2181011337572705
14.442507821291757
3.0766138141764414
2.411244437418271
4.508424952047692
11.040869468371476
4.554859844802626
43.46439062832762
0.7998372672329187
5.572104036875296
2.3441921788048528
7.900268230900803
8.413565664690067
11.706686443037126
14.125789434193454
1.2451707920665402
7.860694293552427
9.399397958456062
0.2892560255147541
2.1601333345219067
14.598385170958839
5.6603296598284905
9.48668129961728
3.9706669927675247
4.985553898466058
20.489723246944926
1.209742819396295
2.223070826613784
11.655531722513643
1.5763946109085232
14.978597123588697
5.486444736125885
3.635507464547309
9.8765729175842
9.464219842689817
19.166048097162456
27.19801205478065
32.40167908255463
8.330941605621343
7.9953083729827625
6.360271331862593
5.353130962052432
14.702595853731808
10.980423568860628
1.710109184143146
3.2498106851561572
8.009680557665527
13.271156233309418
35.97109529546566
1.8619672901814037
18.946150452108153
4.911490184870661
25.574095890590172
2.841714202617171
1.869565406682428
11.452518371062663
2.3181606898208607
8.904678672569876
10.335499508191964
16.746135662959542
4.305866442492239
10.436837065941907
10.692360829909628
8.52352744438035
6.564179855226526
21.879351062851846
64.43974312697189
2.9802374879316766
24.29869453539026
46.08933354447404
9.86669930575392
7.924765989467253
4.337778592612491
5.088227309670004
8.759733814413346
2.560671757171647
2.0579931397582034
1.2732378032255478
7.2727830667225035
13.390179776634378
3.5795848239529025
6.431477085613863
13.581252229433696
2.2252287272226705
1.7335518526642182
8.288129613250218
13.139870071812647
20.32846458402762
0.9827087667365595
35.64369070563314
10.122184040942319
8.705652557570026
14.144086011730135
13.857946400900637
10.716100094354466
5.713267780660334
6.2729884335979245
4.491333626173511
8.904490496079593
2.2459369781992184
17.449448579667425
4.050906357905843
2.7485094846781752
15.999180074073125
22.76307257266153
0.33129523536370664
6.239672192687021
2.9205110245304384
1.3242964095053724
3.827299358930269
7.367137560684137
3.2622557629440294
6.752633531474308
5.676823756478049
2.2988530101401543
8.928917709359858
16.00477770389201
9.692123576074204
-0.1740606414715288
7.664746110631067
25.93499186479788
6.201681566901666
28.200782148754445
5.485729591464794
6.6172771890208955
43.52344553768985
3.8541851035188
18.557524954466444
9.69673338179787
11.20307761126122
20.349785302209614
12.991336976389329
0.9556076395674916
3.882363983233366
2.619002878795131
18.145575909127743
7.508660935207651
20.561629612372453
56.00522972232923
11.869547256255116
7.623862599282515
14.371834052524946
3.895763043929407
59.99907961752465
7.408607925629242
20.825435396986084
7.707186149237609
15.128554608516467
5.142914871416112
27.42388968038106
1.9634786830947657
13.834850608577408
10.756979990375747
4.362049080852897
22.258482856078235
11.373252300579923
4.972615998775089
10.635536982719143
6.4166508046117805
21.878937509645624
6.91440250124459
5.842600831124639
26.022678966753034
12.443737896570163
2.6257905071320873
14.505882549433599
12.04396072393544
3.658392964978534
4.390528843123853
14.338866057146692
3.120333621587717
6.487017132663037
27.070458058125645
10.127726589305924
1.672217381631221
3.1992099824165177
0.8240851980808854
2.47543701176663
66.59129748527728
34.515960367107525
9.278124716930131
12.358748110458778
48.1376709784836
4.174977344836545
2.7191618656404564
7.074037191446885
7.647035181273054
2.635477283304426
9.676198708036997
15.952207210685927
7.086226507519268
21.567554809070728
17.807428328364196
26.253601298100225
2.9949220226552637
4.401224411573324
7.093653723158144
16.255445983486307
6.865783286511519
0.42994283676739115
10.029686520884125
45.83288381513539
6.898361904369479
73.0342821847225
15.288294052847588
14.775177623081433
1.5152647039519413
1.519102369505972
5.081648117241382
49.57511167062222
12.250264602876582
5.694747837972695
41.64223388305895
30.964733959534556
2.1744495131835424
5.265104985214582
11.053563044559159
11.767739139628057
7.6134606915058365
6.733100865147196
9.752762629321182
42.07340826295725
7.652534653751927
11.135055604747755
13.810291721705171
12.728989437524229
23.84579117662159
7.600103403697467
13.007573170994362
2.621399930674291
25.174509132942173
4.799682034967199
14.048308247812196
2.8846523537359228
8.3174095316456
2.073685377078835
5.15294096140869
9.074206965057156
7.2533277403347265
23.730381294661075
10.478899654551977
11.00591104774213
6.353721003928457
4.722288047126992
11.0774175212455
9.787832851000937
2.641249473376311
2.7058109673532145
9.258619322566267
9.614880417719696
7.418934527325952
6.821375912433385
8.802656414742598
23.874604148065675
2.8004230923576965
8.655205126619443
2.977195748420866
5.1740763430168135
9.430758577088604
21.612658582977296
5.691203942394686
12.33068806074967
7.472701111798657
6.776372819160708
7.082468154590936
10.35114974968156
10.420966627552275
19.44071356597748
6.554540067141329
5.805317391948261
65.08767460577937
9.671954314908211
10.234670390549685
9.761336634019772
36.95400613845983
10.714844809173014
16.982026747869313
32.14207253447213
38.33345841859744
6.745729513801188
8.513494503710097
8.263323037624982
8.037238583831579
20.735318724492657
8.77092328356818
9.005775386671468
22.084645933237496
38.98789701901241
9.028507608064075
1.1154803443145234
6.6455647105584035
9.167438565766208
11.748446732514463
26.268220623489814
3.1988370417016765
3.8608731725269623
22.749582554252097
20.68139870459257
15.67065248027175
14.431439659059016
1.8011141662906494
6.835463322198732
31.34046706655939
6.614123478435516
32.42886056804482
2.3413507344638105
12.2467243876949
60.2769605445358
4.921475613864479
11.392674045707444
17.332780138667612
3.025152822070109
14.733902623849351
14.409856317837182
5.940059347598838
3.5201249852427354
12.856607717318022
27.736749967127558
3.5930032695150054
20.45391220012223
3.1000820126847133
8.893952313944705
15.672519137441602
5.1451229866241395
7.353617472081715
6.808093533069025
17.995243730452543
25.64023903650823
3.876074171786986
36.61200370370831
5.175780095230038
39.74796171967751
64.43972930155306
9.516016208320979
14.732547266466417
36.67102528735453
3.0158008856531273
18.24556784972328
4.647304637217609
4.794067505058006
37.528449181562245
17.519757468305574
23.323366778035172
14.660978892552249
4.202794992032137
2.748034965211339
5.409715125638056
28.608843203725137
12.827236519980753
2.738731570180708
8.6441376052024
6.24249930264465
37.45826452772958
7.817591131291998
18.077312039266385
5.761103055986932
9.913737743459482
31.395578976551246
10.602978389631422
7.257960035268331
2.6680852485111592
2.0186206471470722
19.886906887171072
6.302672128249447
17.43745290846375
25.827762481875403
17.526667360694642
7.447637608991156
4.9176465353022705
6.111980498195203
7.75329255223733
8.79366217999303
13.65958813966154
14.546554947491629
13.229314434402214
2.1335048089634574
20.37802371421863
3.7053828269738815
113.30872211349539
30.86171790655505
5.540564424241473
19.296930140097533
5.703006207062538
10.577769008772725
22.03586548231962
18.370551061968015
7.7406979988247615
35.56185543803771
55.36102466057019
7.32480611244826
7.168255777981327
14.944586875100908
84.07982586732469
1.4281620940067388
12.03546607676359
7.53158757581302
15.976865389804725
72.82105681459937
9.12780191195542
126.35794050773674
19.506162891079384
36.12247254276821
21.40887475447383
47.6029879570412
67.01880079782931
10.307328392305951
50.826765291581836
-0.0008153514687458332
8.774053737987435
6.15022338815516
5.05974074181645
14.384668442587106
19.907097533518
7.407605352929145
16.621687313986016
2.1282458964763125
6.868635006172108
3.0280588282299012
2.397587159335178
5.150976471769094
5.471293751131334
1.7893886235251792
15.17372831782794
3.4451129103945966
10.865211280542532
29.955188074644447
1.0317683321747129
6.924131610114792
7.332011783684984
17.91837342574183
4.1507241140227205
2.2018144349934743
11.22797727441542
10.97657222630542
1.5090265047277838
8.586743021047344
15.96384513822305
26.596366387812083
10.81574691322657
15.44108144163341
18.422660811807614
16.778437020580473
11.162501725373719
17.08638386796507
3.870657605413122
60.471437515221886
11.405807570925854
14.843696466355158
4.141896793029177
78.95165869680567
3.769096097149034
96.94146316599756
2.146268958587151
18.019533546945365
19.24451870303653
3.0043796488383596
6.103525300802804
10.732190031292005
24.733537372300415
18.062935399201912
8.418502718475594
9.213653978921831
7.238668395921874
3.4992956346206214
10.463268804518215
10.13289107448761
5.682951268160792
4.769669551755046
1.1890414343366813
3.8812395110179874
4.746505466173694
10.93045503785497
12.511032696273872
3.218122261631487
7.858389558193028
76.38751278496714
4.585760022314353
19.02493819977273
4.935123979299326
4.8427632076783835
14.706179526241959
13.50175937413636
11.373591080946984
12.29830344497154
7.2927342108735065
3.2341595691986287
7.244768334781271
20.739148429943796
9.834786682928604
2.8085140481668986
4.750811728698044
15.89275873266343
9.445405537924389
14.84281915276605
10.463654492977719
20.33929883522038
35.22722882846752
16.598181530997046
6.637110524993447
5.949603187688706
19.572180211254533
9.047928076263096
4.013963922730605
4.847499675044249
27.300179492436865
18.195467181864935
3.916008114812756
2.2337306920244147
-1.697259448117123
3.3741373605844545
9.18111797701613
10.31771347208623
25.608695005691555
3.7800399729268195
4.487452628758702
6.173259157000263
5.894909103604341
15.68944799363327
17.560996850685015
3.059344011683347
25.619755755995513
9.45008864868354
2.771009585665361
53.442987698057486
20.88071591863471
4.406142191329754
5.018469472009997
9.044596371064703
7.346793676736788
25.38850103889706
2.5688971413966826
11.683389168498598
13.527054406659001
2.0455926343892887
3.2410124439477674
1.2538572424276944
18.255024081708516
1.5393628562599984
71.99662821017337
37.26400559630759
61.10069840676153
7.404244031852776
1.1729343962942689
13.64689436054482
9.898090423666476
13.01643246700996
6.8649958125016015
15.32055748751943
2.9353166573122977
12.338294662988119
4.570886782124614
25.292677400862456
44.79351094651145
8.76450278714745
1.7059230353202404
64.19461236336079
15.512011237729698
19.156912759337096
7.004837435587303
2.002348342350343
14.461148806407808
27.07366235204835
6.025373668524364
48.38810303496289
2.558986030579554
0.9157743195072872
4.759557016567726
21.154089297396165
29.93187706386248
18.080470611063866
5.454713934375086
37.01939209600092
11.197106117415252
13.861800028368783
2.1678784980865924
9.782752308818157
4.1609084957641125
18.028256431034713
1.3677540331131588
13.038903515016084
9.431604292342366
2.0412342022993197
17.975513131505995
57.99771672471192
15.929155326671937
16.741831803265548
7.829950999194992
16.441876803580218
13.846372540974109
50.16508254855113
5.838464356095945
46.56260764474525
16.070517963276252
14.269636757105587
14.378685712040472
26.006306496411398
45.17577107979015
5.4016716852843105
7.853618306981597
11.886270600755829
1.682483828433446
17.636627988175
27.98665679362688
51.31825120008178
11.004960568798209
74.80160299707347
11.18389833431522
4.693401547261811
6.4826457961619655
9.825858599502775
14.483287568884643
7.954162129963965
20.254733216177435
6.2762625697179475
13.1340287782507
8.783529893088442
3.0441368566514515
10.174134931512747
5.305339507373063
7.773000023406205
29.99322849565269
6.530634690895326
31.516122206851463
4.785145253621518
46.45114151684748
4.175282921848216
5.172678433333573
1.370850570290161
8.932884964612033
2.043598900651974
7.149839055369459
4.180239162238589
6.211421541257951
12.931441719918231
0.8163869680048275
6.503251135102429
3.261846558875215
8.568101212345402
6.116700848723204
9.594810734770329
6.725487449385138
32.23446806119249
5.476469666291567
3.9164482354924175
4.181473068932921
3.7558044018501757
7.7324225969734615
13.091910880772955
7.96891282319749
5.875796506223691
59.77110622835289
9.739465083149025
25.242141692993044
68.1106908782231
16.43870744459851
3.4719876393330273
28.02276338103502
8.703787405300751
9.191061913007767
9.158460020778804
43.405358825053
22.235295877488966
7.709176158291669
53.995136878273776
15.867840067614145
2.194593219650899
47.73629966304938
8.847420026628868
35.64045501265245
34.05423168117361
3.5108445300603686
3.741939838368413
26.67633475531973
1.0736980636934226
15.525102837540707
2.2792942860243817
25.99700332656479
4.993693149459007
7.765227500346022
6.216046429394262
59.837697199573356
30.01033295916308
2.5568399247965523
5.317832751841037
9.132336834106727
24.245047728946716
6.934178033208259
15.655135971987866
8.780151707775275
4.92738187824402
1.1119141251463627
1.0801930253062433
26.723434359813282
6.2538995715021155
3.686411008938206
6.509042089989585
3.2903404186782854
9.400517489496123
9.705494047261134
2.9685903323831067
14.288851071428004
10.438860399686586
4.898882203078387
6.103199527674228
9.990274620519534
12.644185255444308
9.60953392466815
20.45120358062946
3.0135290700785893
10.945414523834813
12.480858791609684
3.5811474648511736
8.804302222179608
7.254410828826056
4.538918138131998
17.28249009908138
14.7041476414032
11.846132002454475
21.524439540423344
14.196633711638862
7.004692252308198
15.974918437886894
6.7228217167931605
4.265049332874248
4.683374982893828
12.413105631034378
13.195258081719372
11.896506617964095
3.23835660721447
25.906906145143346
2.2681571825020495
17.733588133014543
2.64381305217027
6.962166101543168
40.93380834489951
12.181053200509242
5.879217830342114
4.8259277505762945
16.331021139672607
4.538711283227933
4.284437181816475
1.5370859827160963
20.93813952577847
2.4206369802462273
4.794282603517657
9.869218799409664
12.050017799005694
51.50539212307759
5.152763801929712
2.33123008068824
6.872315509828337
2.1594298135148895
3.4469315820147517
1.3707813478481645
3.04243844613407
49.382147302095824
19.645215642587836
21.076076424871797
18.71849854860813
15.866344603208978
68.1987820743289
4.132206213265854
0.7910550135961563
40.748475591875604
22.430509031859533
5.22400571538945
29.892025803285097
39.7840723252653
11.93230075531526
4.635884501939846
21.767274673160184
9.58061846735019
7.506504113758308
9.103036182005996
15.974954853237127
5.894379739338143
6.529546115377119
21.800397680495966
40.059100535250124
30.190125010096963
22.75651515031853
18.62348679948035
6.975655362378201
5.390787593859935
19.454149074272358
9.766936488538267
8.50724800498189
4.439955657189676
4.444357248255301
36.28399260639863
66.41683000960383
29.22578161697723
4.501964506840806
6.865939604189177
9.818303224432404
5.416348564972467
1.6381144004405923
9.014357492228184
20.88757318532226
11.708644876740948
1.3558450060906237
5.751575359249536
17.05582540220414
11.898003908574989
10.986830178345585
4.480219874477287
51.517651091321746
24.410719922736977
4.313588617511914
130.49849749635283
6.214127139212803
42.35167197172328
2.6850858663516464
7.478177633514945
14.74256999421271
18.993485350532808
2.1336595108316723
3.8996130358305097
18.330966970514957
13.354254324681884
8.002598620361145
7.882345898065867
11.64211957986488
17.682846222438798
24.47090887228008
9.32725162257815
2.1044299773900437
24.88703376480922
10.521373617177954
2.212893134282041
59.04414611653157
9.16335435835352
3.234250531005388
6.312423930201025
5.475754940396471
14.596021917118863
22.52661464113095
5.310876653257298
3.7058512467784896
9.180781858801462
16.742930228912336
11.812808100441899
9.891797976278957
1.4244181662528503
9.957019220297603
9.906818568973504
1.5346397781291388
36.55706962253116
1.1610717729682698
1.9018286172146943
3.916292154212482
25.943332962452686
4.735830626639327
8.415892412550324
7.668525778050337
27.185148092362866
11.921170335084714
16.012048541719903
14.841214674754013
17.988879672786247
2.012057435774896
7.320469519689293
1.401209496713472
2.951201548155948
14.642525318604607
46.476379825782665
15.571685716600673
16.552269137495383
15.938384886933198
16.731047861310664
7.924883974792187
13.564641538914156
8.903423315522105
20.511164172865158
11.053713530339506
10.535132870175735
9.01878783800366
15.642269520685494
3.6454375320974837
1.7771060866840684
6.623185986528923
4.876199395218127
14.121068838051466
3.364811175602031
2.2477914894680895
17.715951111986183
3.91659625871348
37.71718937728436
13.382231176952763
63.133354699140966
6.511443811444786
8.33080556139299
5.613744131568721
21.460710619456595
4.295846504121347
13.217473470935628
12.126433393711311
7.974772402682501
12.713985497951542
24.65500299298049
4.985467403271543
6.890234704588794
51.69756555157955
12.776312582675187
2.9886738275555818
37.2868459338648
20.520143044271197
18.96613336866217
20.71315985931748
12.868342351718256
6.727325233007917
1.9272873257230987
7.865796575394901
5.669789409878244
9.275985292541671
46.463373091602875
7.837285936719425
13.986920665823424
32.84494482018031
4.921607040446867
0.4176701821229514
6.1817878104705315
6.710563358450163
6.839474713040291
2.4949191281174103
4.390140502231566
19.13465950320322
8.317377248274882
1.621606100408143
7.184163036798755
1.1028899460814576
18.825299574824324
6.478464607087984
34.06860895496016
3.3770119215999
11.072690564695169
21.152970701124968
2.8516375302164976
3.6200496763424814
5.593517038564371
17.001914424493968
3.517182262611876
3.4481694165604204
14.61561527287202
14.089331911325907
14.100492577244822
3.1096795535498614
5.17428900926138
347.5100531027034
40.34954290180509
24.802594325098667
12.235463435361707
15.89536352536858
2.010607256065933
21.71623499320236
10.62177563162775
-0.24527694743327985
12.31637267174201
1.708021124590055
1.9831884529841777
6.117373191516248
6.354268746270436
15.413646397962047
3.4963487357235468
4.779211749756228
4.136884826214709
5.530805161478798
6.861979015482611
12.195734822036465
78.20140912108269
16.101470251348484
53.40356970897211
5.494871349085177
3.6100414489188584
7.51541438962309
65.06674483878977
6.02765028533588
6.612899262474532
11.849091301191224
6.4164425218476895
11.692339539823665
8.337325704327226
2.3162818698698584
21.10786495012685
4.397630624026753
4.745255276628297
4.49815677968541
1.1446755973116494
5.288053407591541
-0.3644033639991651
2.976965680691959
9.953296316701204
14.781524170760946
4.795211667497845
9.836675081900582
