0 4 6 12 19 30 33 35 40 41
42 52 53 57 63 64 70 71 73
74 87 92 94 97 98 99 109 121 125
127 130 132 136 142 143 144 146 148 150
154 156 159 160 167 168 170 171 177 183
184 187 196 202 205 206 208 209 214 217
218 222 226 231 235 237 244 245 258 264
271 272 275 279 280 281 282 283 288 291
292 298 301 302 303 304 307 309 312 315
318 321 322 324 331 332 334 336 337 339
340 342 345 346 347 352 353 357 359 362
369 370 371 377 378 381 383 384 386 389
390 392 393 396 397 399 401 402 404 405
406 407 408 409 410 411 416 419 427 430
434 437 438 442 444 446 448 450 451 452
454 456 458 463 469 477 480 482 485 488
492 499 500 501 502 505 509 510 516 517
522 523 525 528 529 534 537 541 543 544
548 550 552 556 557 560 561 562 566 568
572 574 576 577 582 584 587 588 590 592
593 594 596 597 598 599 600 601 604 606
607 608 610 611 617 619 625 627 629 638
646 652 655 657 658 661 665 666 668 669
671 673 674 677 679 685 686 690 697 710
712 720 721 723 724 726 730 732 734 736
739 740 743 747 752 760 761 762 763 764
765 768 769 771 772 773 779 782 783 784
785 786 789 794 795 796 803 804 808 811
812 814 816 819 820 823 824 828 829 832
835 841 845 856 860 861 862 863 864 869
870 874 876 878 880 882 887 890 892 894
898 900 903 904 907 910 911 912 920 923
931 936 938 940 941 945 948 949 953 954
955 957 959 962 974 975 976 980 988 997