100.99184135100892 
26.67604921556881 
17.99857899418312 
24.69963754525961 
38.66903807972778 
7.924203833727912 
43.426373247917894 
36.20451102842277 
11.833603824732025 
5.649461016002554 
34.43926269513397 
18.438022944787495 
120.22647332720325 
10.609164693530987 
12.12114626824219 
15.13860225942384 
42.45224603330593 
53.6154140381236 
38.50314210622167 
72.42802662306899 
7.904292150033728 
12.532948462121299 
19.2200096667532 
13.262321734451303 
7.415869864654208 
71.70748306527811 
55.15362087573091 
63.508231113197205 
21.179055134854966 
43.54775835926835 
81.99768858005551 
11.608258882992398 
14.140252737610005 
18.656361368071785 
8.54488572495534 
18.795657379700394 
38.17936621283015 
11.78717310697685 
20.76154304218542 
62.304557302731226 
40.205749014613374 
144.02074401928354 
156.11365112833448 
9.296119392195346 
29.2081646022801 
6.195215617120749 
14.35063063409651 
97.32121466768169 
2.6820049125271215 
8.257843959743559 
12.999273413779093 
35.76908607402543 
38.06714468970433 
58.56510781756802 
4.929930594221174 
4.119869989801433 
23.790910116544136 
50.52882778121755 
60.87016413907497 
17.244884361970183 
38.01238029410307 
18.415717090327032 
27.97346284928895 
23.71066143771048 
32.80830422334397 
8.862529721097445 
8.003135577205574 
21.728964839185025 
29.544392353468194 
12.121428279273461 
17.211868864001286 
78.24471172015036 
7.660466329514271 
47.61192785962668 
221.95665884877252 
13.842033400175696 
15.503527297806999 
6.658221024617935 
13.162155237641187 
18.88709056348474 
14.073516508429439 
11.884215905008498 
4.232275438588313 
84.53130997237749 
125.0334007762435 
7.8400368028646525 
27.878323075016418 
171.46805530993097 
8.55294542998084 
18.97030742290879 
31.559682384587095 
40.63468771581755 
76.593625566357 
11.862584220541201 
79.83813225034368 
16.32730620915405 
32.83650438051852 
25.213932957563685 
36.12735066927157 
12.938499229460872 
2.8012366283104986 
22.51212838182528 
8.425273423221629 
29.700716404587716 
23.254040510941994 
8.741191235838903 
15.367213307752486 
17.959073126596447 
82.83209129270763 
54.42228661873753 
39.03262393533133 
9.39591687305722 
5.751181189589202 
16.297623150086483 
36.98334652920784 
8.933453611651908 
7.803852086859961 
36.187270193810164 
26.256841381945485 
10.298826459230941 
26.795727590176913 
11.863211752401114 
11.658040769359022 
1.2445358972496725 
8.170189918642667 
63.36371707516718 
2.2974805297405188 
11.826540939720564 
27.441739493522885 
21.756777799567377 
68.64107392844261 
68.6138433578086 
39.44077258423483 
36.71378689613013 
33.21488064659797 
18.047408566428008 
16.51599280723952 
5.460649002519035 
5.53115614243739 
5.3781881169658705 
37.17368838273241 
32.38530365878368 
24.51711877715785 
12.26239418726872 
50.02021367403158 
21.67238016619796 
25.34725974786581 
19.97201973675096 
298.32808624754784 
14.627113743825795 
74.46781357163755 
21.24316033149623 
40.30001678226312 
6.556662244579042 
94.6313933434456 
18.4029125592467 
22.045023388262756 
85.73030054118588 
16.72602457666111 
36.61833370255798 
21.093653215382126 
30.306218401603793 
41.94807632261934 
29.71191418603367 
5.1111396378983205 
23.826991058752647 
80.86171775841753 
44.77624922241443 
23.231965662752742 
16.34271772649166 
43.42038599202362 
72.67314111707205 
38.951949672285586 
23.986663917492624 
38.57386058690454 
32.85971394399331 
22.773909417868964 
94.83083267837523 
33.159868297119615 
14.189414009783569 
28.68181556980215 
7.324142260875795 
16.21234616969648 
211.76405525960084 
57.683902478054975 
41.23848934548433 
30.099365088812252 
141.6388162688793 
25.484426604572405 
14.875790342848672 
55.79771630373834 
16.389076078629294 
9.62471703214106 
48.431524779071424 
64.45149050428405 
18.570915469353217 
18.363421246147958 
7.702774306633197 
142.96550828648148 
21.791861346880165 
7.455830598723515 
6.18219223856517 
32.28587680195575 
23.120116865880995 
25.434308859841167 
10.460422185119118 
52.74962429545914 
5.264095821196631 
133.38628867593857 
62.63236386853384 
4.0439693570355315 
33.30932895239838 
13.604731145846676 
13.639881630408546 
139.11612333388328 
15.882403300987082 
12.762427510717632 
187.37799193663966 
232.80376257866752 
23.9382291028705 
4.090581879874967 
30.971140483023753 
22.82979506210356 
29.59621222525058 
23.62303954317905 
30.610756711512455 
71.3040865512885 
51.72930709847839 
52.27481093533993 
24.81724558460087 
67.09269880300911 
196.52240739755672 
9.603046886780781 
83.37333918999727 
6.6763620693364905 
75.85269908825288 
8.214398853380755 
37.176711956324965 
51.598098830509436 
27.366252050913808 
3.4775476797273726 
13.245478748663253 
14.28459058699106 
24.280185042689126 
117.57353414628815 
9.92558517740322 
21.614187565469912 
24.407935946530813 
14.886762313262665 
55.835688159598156 
2.666919060510327 
5.969646013729431 
11.639853778842932 
28.953607830124195 
27.959922161662746 
20.56830370912557 
11.006709264086114 
8.408128107763815 
45.82274981060039 
17.513734675136867 
45.054097269228585 
9.753991707812302 
9.655227262367438 
34.565126243100785 
40.32697656562289 
25.328663783107114 
23.54719274742948 
45.499183356871086 
28.077999668926022 
31.482777208964215 
14.402239241803947 
35.08900344589767 
13.808009270838904 
15.044561973610506 
10.654053262485704 
113.56896950954409 
41.81878391501263 
27.08721995412888 
34.605242272091665 
145.39587859859992 
36.19958075549095 
51.246940284007785 
48.542594361595995 
259.53098016616644 
20.36081702873675 
23.295499152459982 
13.003226554959921 
20.61095152706372 
33.59548381233955 
16.338516587711506 
34.08097491076789 
88.93947950365522 
67.3704287166719 
38.32548752166393 
58.831386608781756 
38.73329855080737 
11.448490877062504 
25.76549021246535 
30.085881286795626 
19.019620911599475 
5.264312626211036 
59.78443087239861 
75.35170418321438 
34.59782224535564 
21.60560547976562 
10.749126397280785 
12.665404727484061 
73.4507772821316 
24.47578463367616 
56.986429503823125 
9.140875125471023 
47.580362582152254 
156.5310506208725 
20.06052523656099 
16.508878598008923 
43.97612509356801 
16.479572339567426 
35.32120572636027 
38.277453562621595 
17.042116009163994 
20.947406695211175 
25.391928534389503 
102.18555822993737 
3.6043094148470627 
27.079167139345234 
6.757340673642615 
14.004030586902473 
46.23433724812832 
13.396894564356762 
7.822566853168018 
22.754471263824826 
11.080304324277705 
36.461202679889304 
5.2846116248460335 
147.62784421893357 
15.883269693885726 
265.28489813494497 
159.5713329061242 
23.187196393136873 
19.587451858818063 
60.5276304598638 
7.824365856471036 
25.753171481756482 
10.210249431533486 
28.64876406606854 
10.832180722145262 
31.83974030047462 
10.017209809169271 
12.231285571947591 
8.235205849039062 
3.6883113639198415 
56.943213929131375 
66.78052431636733 
19.54338938010141 
19.43021564592291 
68.70793986698622 
25.99409795016663 
172.28835767680783 
27.71113551482463 
79.62144478958326 
1.7434614350797837 
23.90563216694598 
125.04979873255763 
43.37044694815034 
5.025805565174303 
21.471216236322544 
28.530366285400035 
62.69167180978291 
39.06988868386071 
13.987853042093509 
19.020235529411977 
57.17841096653897 
14.259845936809787 
36.89913978386498 
13.49289934318956 
28.477724903752684 
30.945530857853548 
35.977963072180586 
31.236038330016637 
58.899988180859324 
17.69232289032881 
47.280158089558675 
6.175544296621313 
323.43463496068 
91.97305076345515 
20.56789533753922 
44.465897522274666 
36.9248355903194 
54.094268812230766 
35.80345744285594 
38.7354749406618 
26.76457631150842 
256.9154332089702 
152.34282657227251 
15.951043577883759 
26.81423034585681 
11.528931149330004 
135.6312156550285 
14.279797505310443 
52.644500431556686 
34.25291429802637 
57.149781971502364 
82.11061466663281 
17.187409143145125 
127.37770082789211 
122.27292660618642 
61.20150585248485 
34.5533900545091 
20.79205258164134 
46.77744489387184 
73.52810949714708 
13.971698876225739 
21.321421576149802 
20.74126472256378 
11.323670789289904 
10.259376268743406 
23.45600222700781 
68.717533168364 
84.66564103419222 
76.13347294875241 
7.896500871068045 
18.279079698994515 
11.628822788927055 
20.418849083973196 
45.90825156275976 
26.561863057771536 
15.6914671128458 
19.179910969666604 
32.21708343035605 
32.21245832002346 
60.95423529290569 
8.355553396328624 
25.485442098712884 
21.62300935360293 
28.493024333287035 
19.79884832409722 
7.374763699517942 
40.97651282756799 
22.520357786098774 
10.852115966175711 
4.477394128812677 
74.44274394765287 
73.33808161977997 
35.864122786599346 
65.0805941381594 
98.7052608937669 
11.761217170802848 
81.70715296979105 
28.64830100877364 
20.401116309542395 
110.19766745841139 
43.53673463357665 
53.79587499189069 
5.658624049396082 
54.74450946148558 
4.958408362607258 
155.40034391355374 
4.507407547690103 
71.02582507824083 
43.92883202254475 
15.092941841925361 
17.647982234698034 
50.56843275197549 
79.27659120227477 
22.961414396769612 
24.509240966737764 
28.914736693492895 
13.211457415608352 
17.5637697180985 
13.3100597725927 
33.21185625422295 
31.616140865172035 
12.08762955263158 
5.591508495426604 
41.904488465619934 
13.577016715936846 
15.601791966833659 
62.28930525490487 
20.329094791737703 
12.143032681778783 
87.38461049570631 
3.459945499323125 
12.542484005396002 
30.19531484532581 
15.88883206473228 
22.038478152217877 
47.91306330661163 
6.34113319322953 
78.91639624826391 
49.59893951779492 
2.333655602940419 
35.64097148682255 
67.06009972173337 
58.993388759148615 
6.552325515293675 
12.28291816136349 
90.93093150559783 
45.054114707389616 
48.938556038789926 
24.764291037768302 
60.51574660030951 
59.49778967413652 
30.933802535865446 
27.360776490629 
81.92886179565973 
46.79049950174002 
25.843823974862318 
14.15294953312666 
6.614833578233152 
134.11037967814053 
36.06346999296051 
22.118109677709757 
6.370431819755008 
30.15076950411014 
16.136298687453802 
41.69847441162958 
26.764941845676574 
37.87911019864153 
22.01411443629041 
20.79073345926826 
18.017619153116485 
14.889887987191688 
86.22928317467951 
24.129349176959273 
11.489254760642508 
41.30741533350943 
11.696071706553187 
19.56459757566112 
313.06952297719863 
79.65353863646958 
6.1880860482192945 
46.14944824143469 
20.97823147699965 
19.64125813969531 
54.12920128082918 
14.298840292277896 
45.47354454111688 
32.52325594519395 
5.508108416290785 
12.632821534170729 
16.012284889248892 
88.55748909422263 
9.866972756875487 
226.10539782418485 
238.53162144556876 
372.0123829718299 
15.672397923079119 
4.6754335057808305 
86.36333539126306 
26.59237940701772 
47.50278730820795 
6.5281718428438005 
31.353921351389385 
5.153085139614928 
50.72258298595468 
2.53906123747713 
66.62539302869457 
104.94224678191533 
16.352153323662897 
17.855857633326625 
86.55882304155739 
19.17177665412189 
44.69959813562007 
7.635873621169978 
35.361795859568126 
58.27199288748665 
76.99253408826776 
15.260713703217368 
106.34961910014705 
7.22307646613114 
12.84204104387105 
40.044523557310534 
106.59021776281818 
222.42480794869897 
27.934375096563148 
24.96179783213663 
43.33132832956372 
40.91880390319431 
31.22776674072557 
2.6546043247123348 
8.678238255884839 
47.81712081679352 
76.82719036863055 
9.218448817785525 
60.053438325188296 
51.97287763614125 
11.428903853059648 
265.46437584457203 
236.27695727731268 
4.161373761947512 
11.282319541005755 
68.21926495365908 
21.943483786734173 
43.20882990642367 
96.23047761979905 
17.39710528320009 
148.72202285807003 
24.464799674013978 
13.454759565342876 
49.03538927764787 
159.4303829889512 
138.8779449689787 
21.253264886532296 
2.4169095403636076 
44.56552398762666 
24.999206098408568 
18.507562149473156 
246.26404631404887 
109.12825892930869 
35.80793412611072 
112.10326481467963 
22.03583771832758 
15.902378051066115 
27.504217703870022 
36.59767498368201 
57.61078035131178 
19.68741968314082 
32.563840620548575 
34.51473570696124 
35.98995264615236 
41.48143677137012 
3.7684194259327533 
26.635112051861796 
49.39289436339908 
39.04695439982297 
72.56148983838531 
45.4851242720073 
82.03394707318755 
19.100571905197878 
70.86771987271257 
12.092583600915148 
18.3364905303708 
3.899836838116373 
66.45889256055585 
29.54043960468014 
28.426535939226586 
23.73568688456315 
30.435634368772398 
17.153253990343945 
4.641547871581363 
21.55381391743435 
2.4135989475819044 
20.034943092238912 
13.227845431496823 
87.55866418017627 
7.517345155353101 
103.71982469949748 
23.492988602572634 
15.471544438508868 
17.70594429359579 
42.30183827865608 
24.7398093291142 
22.785202333747957 
45.61589711851461 
8.970946617618504 
1010.652937944179 
47.662354931828865 
36.71705246803975 
96.9167264905119 
102.41142461767504 
22.77809672724047 
44.18133116339128 
32.44631800252962 
26.594634658215437 
45.730410252240205 
110.76537323806043 
20.908935175290182 
46.9051039679738 
271.5475166520345 
25.743997621811992 
50.97076267306291 
106.56718730980096 
30.530099494534067 
239.0607184375465 
136.50001881414036 
7.678394017061213 
12.435877535260266 
24.836677170594964 
41.01644250280773 
38.31445229822195 
10.049591282576587 
7.805535088439168 
43.5899552347437 
12.768759818480751 
20.231479467116763 
120.50442236220303 
27.59664562141317 
3.148185858521243 
44.53358707677663 
35.565674703256434 
156.862817466535 
10.384343841606205 
57.84615685808896 
15.434642838070365 
41.554122378368746 
16.399651137646703 
5.835674126067955 
49.327688744779124 
8.597532311498968 
17.381298525240574 
43.12481920735879 
35.367097185224004 
37.340347994649505 
23.70780853492275 
9.81724380247572 
16.39001875040725 
4.2229104822466015 
10.494996078390251 
3.09553801029998 
17.359161768327873 
18.884263224913685 
0.9674345215014893 
65.03454751603657 
8.184550817877788 
74.15482628627721 
101.51953635923225 
9.821292238695435 
20.605389303100367 
26.358869287022273 
13.643531738717083 
31.55654439975383 
42.83280819794116 
28.951381104432873 
75.17216670890197 
94.00772816707767 
35.72803817727927 
26.89655841428964 
12.143161829768712 
24.43665384825871 
43.606032479291585 
36.126048714373354 
10.330258609866224 
21.81875052176065 
26.902825469043844 
11.340982423626038 
50.65329722571357 
60.24227543477052 
10.90401447906177 
24.04584817966067 
43.44286266915868 
103.58468241126245 
29.26871680775505 
19.94344473854749 
33.35396214152599 
8.260993505149987 
8.398867526395634 
23.33761216282521 
53.01777232958632 
3.3107823301946793 
9.081795332714021 
12.077783401330498 
19.63722694873223 
140.7075727533809 
21.82073967145005 
20.282473229042974 
21.63996517533604 
74.7421137483379 
10.691145244398452 
29.237311075111677 
30.81732288089025 
85.13165127028428 
86.83450359197943 
27.24498282826466 
157.11494801250018 
48.57462403414839 
268.0349467710057 
15.816005486431287 
10.726710345480637 
63.75308821598202 
106.88478798169915 
5.127485167573974 
179.71192463890455 
65.35360541122071 
37.684793599938345 
50.77419777522369 
139.38075602919915 
48.3570055416682 
53.190734693239186 
44.855875820043934 
13.685059048528768 
10.93575560092197 
17.840454108750162 
42.21810957979782 
45.26020180311551 
63.52033503846089 
74.905210361834 
18.403757079547354 
22.695266349252034 
31.221213410118093 
88.06652304615166 
66.4570607386057 
25.459774727357193 
14.058093840249715 
15.209517022472253 
54.461163933471546 
369.4199387019164 
81.02309424646187 
9.966990950644036 
13.366129366278633 
26.076317170325215 
1.306402875702114 
10.873275282658918 
14.631988153044572 
34.58350761748151 
20.938902048556173 
9.81308640062899 
29.605293289049303 
116.0093527033397 
28.692673267951964 
7.81982219003495 
16.88364629879856 
93.31182359289917 
129.34762777403785 
18.53411212515739 
220.72781936506118 
12.878406435251987 
59.231667511074505 
4.958704636090212 
72.36068107036832 
22.460028334414996 
45.24464947134285 
4.217192803763689 
39.058405775876885 
15.722530680254495 
34.44629281186012 
3.390262542042258 
46.78910688465048 
40.5480057428727 
41.078792040646356 
144.62575359412347 
7.9548144885947725 
26.78605022418067 
85.78101215734121 
35.37176770259743 
14.37894831317457 
417.65615504845346 
72.32934278179373 
8.297009227450056 
27.271424107665112 
4.705254352917195 
39.07716311646198 
215.26354652417567 
27.676198954588603 
47.527901384795605 
7.953250167967805 
38.07291794265905 
42.621828646686254 
11.225146695666886 
6.037846380518599 
30.482309358259407 
11.235765466032806 
14.332466172901245 
281.8203195558839 
16.80873213020676 
17.58199254239463 
27.27833719425932 
192.28175497388054 
16.558268289889963 
10.221471579525678 
45.37865319874611 
65.49570136498338 
20.933937379174303 
20.424820598445194 
27.54251752475035 
43.93070440228194 
7.933281295760889 
20.84181812638337 
11.118750758572196 
6.504633251114507 
27.572597566583443 
78.18309200363966 
7.047712893672354 
57.488046227615506 
46.044185396026826 
22.538650827885505 
27.053448034029923 
36.61834723160169 
18.873155163690456 
43.707038437915635 
47.51617712014507 
44.819553718934095 
38.28952407083949 
57.4821317316238 
12.370229762015235 
19.75746748932421 
20.16762350051968 
19.096416630116547 
13.68515256379567 
21.43132424143815 
16.112993292703973 
18.370059105465117 
10.7784449053733 
114.45906561777903 
35.20868484521653 
71.98012051024625 
18.803379733281872 
27.070015832244994 
48.64590321582522 
180.20249629260766 
26.78082322885355 
49.156572083871 
44.33340217709062 
13.461667245883483 
44.10013723726052 
129.62802407176093 
2.9028928885187657 
82.93679734301554 
178.6269395713749 
36.637230748213504 
18.20657207096262 
62.19706237619304 
58.61113467321141 
24.610873978591286 
11.334168160819793 
26.92115409138544 
15.983279600953036 
2.042559628816007 
38.5653368083154 
24.974166086473446 
47.60719396012737 
39.083734437509655 
45.81068733505551 
30.641199983708088 
46.809743682834046 
12.211805417773279 
4.162949774429512 
11.770644408780388 
17.08813986904485 
10.547536001836544 
11.457353677202317 
9.900089305226436 
26.309960299696773 
6.140068209119626 
5.183264460448351 
25.191289057058462 
27.847365799937382 
32.78407947814339 
46.7689595935235 
45.730619438216515 
6.982545373235831 
28.857100762932056 
49.999059979097744 
16.54629094397701 
7.149961904442501 
6.131908851209381 
27.78015994221544 
13.09155461405366 
21.44243690564844 
25.93240178451044 
49.58291569256802 
112.66596770427219 
13.880083077966415 
13.63097357479279 
2048.594706655703 
63.31735660465738 
34.9111930657229 
19.82418506551307 
25.519645722199442 
5.6676837139368335 
46.855867259418126 
59.367068516168 
7.828393542579012 
29.409011853614526 
1.736392328039264 
14.785038556451436 
17.823033366182816 
31.20447131673206 
81.46673751942505 
14.45615695780191 
6.526217476428725 
15.115645577406987 
16.2336307618516 
13.150019884743804 
25.599788797427713 
121.45936579064434 
33.86524915726588 
77.64321567994179 
12.476043575496652 
10.857011859113783 
103.79355275151212 
135.36286885076728 
61.66791665440978 
15.69620141005478 
36.169550802939554 
26.331623553102034 
45.32807722489172 
12.011883484553177 
11.260791697412666 
92.78585306586889 
23.298876605430618 
12.362177190710163 
38.184394615681924 
2.2947658727714386 
21.880099765682882 
3.7855090757920244 
11.288951070721607 
33.31532575471688 
52.958811285054395 
80.2140473428408 
26.84005827488013 
