13.343152755624441
7.31317191581065
3.864289527772442
1.3258446669477835
11.770788835003614
2.599130247841917
9.569166328641316
6.913597041250186
0.8822689680175241
4.920767788365772
5.621727463749218
0.16581265485075058
27.665554707827468
2.389608817086697
4.423554897899595
2.4723048090987647
4.576328272864352
6.605521432575106
6.95721166141132
8.869075489424947
1.9373155981621206
4.957162116787566
8.856764527795113
3.1868867701196657
0.3638354901855523
5.534804063389975
5.506753357627611
9.748929899879947
4.877864824368908
12.45963602073027
11.350898671395724
2.423517397871265
2.4117830877859596
11.046449461582306
2.003759866112647
8.368487237372193
10.08586439904994
3.4354202613871223
4.43825396149181
10.686533039812574
12.995753570239385
26.187167866426947
19.440220511104148
9.825729326408455
9.262159262181363
4.602224571596371
3.71758730801287
3.385713169642177
5.756496249873532
1.311073936914967
1.1449246497408068
3.7640495575027235
13.53466851254798
21.207851920095134
-0.406215470652836
6.910620472282474
3.6443715062988313
15.476259661249298
6.293963402262537
4.069165154580613
2.1962082807364323
1.9639667267148015
5.795088074306382
9.58319394072037
12.266538500031503
2.3096225094155303
7.458230062759897
6.212288192022821
3.1786883746625016
3.4919591743691747
12.1539119635624
46.88902501044091
0.5174024426600669
15.60268506208043
41.253899811125
5.246929108435551
2.0883224396757467
2.7058643039464583
2.1000488843482765
2.8048801055538912
2.0510402888859303
3.401137950313083
1.6525848809048165
9.505053729107864
17.643771652594957
1.1942389720937068
4.420315133103306
24.33661473349991
-0.5868140442407621
1.9655024230740894
5.253735089465771
5.433412326777483
10.454353094793328
0.8068780758581912
22.184211598909197
7.06082794991006
6.883986691106754
8.395665190397239
8.297059710354528
6.808642548514487
3.587148950072608
2.775760911466016
10.769057359731029
5.784964576596529
1.9271834336570468
17.24883016040758
3.103543882454232
3.772652549957471
6.896942894173437
14.104365414647786
6.342749551245913
3.973342840170912
0.11933488707749715
3.8828080056137217
4.63081038928472
4.437560187313048
1.6557998325042713
5.020291741815411
5.027432404421437
0.6076690557889843
9.594196499829469
9.089243769119587
7.0317595065276235
2.173383997154435
2.674747776499494
21.20532249784291
4.990148133874267
17.204611206248817
5.330797056027291
2.7621621479656158
32.44658481971205
10.306165640440469
17.6323295379047
5.086093983031034
3.486219087494605
6.91152626356432
7.009540171010138
1.2091909050677978
1.4801579152366018
-0.05903604836841509
4.986254362762942
6.410006750290982
12.56169362648754
38.47763996161929
11.612509851955544
2.5444283522098594
9.467888259769287
3.852508262823882
43.240122402545225
3.8269378732377417
15.011402867816166
3.330140782134099
10.877945572147869
2.971681655300833
16.792423709980245
0.5143187156757357
10.163910744092227
6.485562855955969
1.8976223036136124
13.177107006458423
7.002526565717951
6.459141887379248
7.804683106143864
5.59562799291724
14.459491451834
5.781206507880354
5.898522454096978
17.545800428062563
8.729335925113727
5.144223111914013
10.425124640273587
11.322229409055893
1.3267331382551786
4.01159206941722
6.378356666165593
4.626040009627534
2.005352648425679
16.47308956506488
6.869268248839652
3.236740104869488
4.395674329395193
1.9496304432005855
0.5029385532582372
33.89413666183556
13.296739053896712
2.1571995271032463
6.432139102504782
31.56430203512006
6.3096890801086785
2.693006448311771
5.818406028867176
5.849331881764398
2.516751160991567
8.014333399090143
11.285272520107354
4.908327739731939
14.60706023989805
4.579875404998786
21.77561367083079
4.672406069978053
4.938807436354435
5.159870794289423
10.126647511077735
5.570132553738792
1.1825455849915834
6.52861754591541
25.912441281143085
4.721538602960973
66.37856397248805
10.469512482002907
7.3330588288630265
8.056500302009884
2.6783248901484824
2.0743216448359054
48.73901783824869
8.57007503403746
3.1258729032895434
18.234921265892446
34.61740112066171
4.245758868650508
4.472718783865868
5.004059643609563
7.409608241326676
8.555585679002775
4.367507098807437
8.448495008190891
28.114321403331054
2.6328668678110736
2.945840316587237
8.984756336652302
5.8296857728837015
30.472753194654043
5.7052296838896
2.0600214074064787
3.416977630002564
18.036476228415456
2.7884032903164013
14.114399123395154
6.141114621829946
6.121841070614537
6.336220647587213
3.6285746547979025
5.284552613737882
9.139166301328652
14.509146723153277
5.911248711207687
0.9421648320914121
4.176347935775172
4.953384773807334
5.735546712081237
9.688950146819412
0.5996059887989844
1.7782626368732721
6.558617565498363
7.094917737707318
5.224020232621503
4.0154192397463335
3.906295178333737
15.41958152412924
2.091124582945608
2.1063454024130683
-0.10079511315427404
4.408083258776449
5.0319175290371305
18.560854714354196
4.840057178670307
6.773571742757019
7.744239625381682
5.742876361201101
6.888928727863327
5.3477084448233185
9.777277288461171
7.849922949259688
8.9513394578444
3.8288491489908103
43.19795717964632
0.6146303030861467
4.240414243453159
9.21106740982891
27.95557787166541
9.132761842758972
15.195360865193955
19.381969305578124
54.68062744199281
3.6302927869639565
22.07192839955185
4.734780359459201
6.932208517184571
14.700949735468095
4.579620499659246
8.592155446574203
22.29453610557173
34.815229241338656
3.981467224465918
7.0043251016082175
4.330731403771943
3.038030533533726
5.8987581857267815
19.353498225972977
1.8833905528437807
1.0363598778705823
38.40722273603163
13.578460388959254
16.767055387625227
4.685010961421458
1.5529157987303346
4.570757148370589
27.017487213909334
7.593464732246441
24.651966385833656
1.6709803051627847
10.133169352924675
34.25831733361082
2.1389956791732017
5.896205085930459
27.438587270472397
1.0092704090776372
5.298211395782083
9.820749953538696
2.6056175350783386
3.3831651742096733
8.082556363419991
19.99465999320899
2.302407098975637
17.615335861561235
0.7691025125114572
7.348741794980029
-0.32644514018095144
0.8047875671683407
1.8379892300841538
3.810919072833007
9.669915674345832
11.61452496651089
2.292297536629688
17.12012409563776
4.275491554686278
27.240469754448895
48.634923188499044
0.8790682304680361
6.301159783415919
27.84095413476954
4.282814072737202
11.419371607308415
1.9321102776122092
8.355747623640637
12.494431645054897
10.719619378007462
14.48469456451372
6.658189431379153
-1.6848590401522185
2.4157548144212657
4.371826533293176
16.29830400822519
9.546848685802377
4.434433799690857
11.647668912525514
0.9011070702973141
29.962030568238124
1.3851384508108433
13.101690414083844
3.831061374819493
7.803866302586812
25.55252355460703
6.23014325913623
0.23646914303569536
3.1545591436292395
11.98877495528934
6.383146174407236
1.6948156399832972
12.376416637637472
29.61664941701223
8.049400293950551
6.163331947511409
2.844307569081759
2.5453020243498203
3.944247767466539
4.7430380982198646
11.048472059870507
12.069668125331988
5.62393694458332
0.7501759960706984
10.146544908249894
3.9330101379392697
79.86062805472675
18.911649162679844
6.2598503320722285
7.606207421699044
2.60849186725303
9.653122540121508
15.003197891953494
11.598379753557197
4.777932308487817
15.040266289349901
40.5670078197642
3.070924093855409
4.87097416621105
13.157497231828918
68.75798268652439
2.1479718777001313
12.037905719702982
4.087551786689379
17.445243036811185
57.98107984961771
5.862515549744266
86.1738653520362
12.617324820557336
26.00684809848122
13.817727157991412
31.136826343561438
39.9925482140751
12.551454958927046
38.22010504632006
1.9048112348880788
6.965244394317306
6.529036791915876
1.9655934851229664
7.581113440421926
5.752960247100663
11.097056390472423
12.647360162846365
1.0595026190653607
7.416561242322753
3.7814779950075956
2.368690012134363
7.820261593575532
3.9103967136769593
0.05470255836020936
12.211473681876624
2.969310052594467
6.743195406835822
25.208498896786185
-1.0333969658942996
4.857166929266878
7.562484805946227
9.318802130379535
0.882527324381936
2.626235491506166
8.772479617770008
13.801097523548524
1.0921615862609781
3.8011280434595083
15.541343270865672
35.43630106658822
1.946112194365039
9.364953220913378
4.440014957217823
14.162812764027846
4.240348944710427
10.7868411358024
3.5695126990213506
41.28070817396294
9.373678210097552
7.4340401232032365
1.0885130285211562
37.25134987815539
2.8972061093993178
66.31400521670359
3.4704273729651014
11.748527844279277
4.580994763355491
2.9758545709067596
2.319676613936197
8.053379101447591
20.389822118993393
13.892667111680492
7.452578833234899
5.058392423718677
3.915688473325466
2.482194257940146
6.909395485813018
1.5339545174408311
6.190831893560907
5.094869665129227
-2.2940885281936922
2.3978092597726075
2.5218975433511037
7.254933452999169
11.41696994341887
2.1953975660769003
5.321120668336932
48.395309552229165
1.5092698020246547
10.324317230578618
4.303955002734853
7.0458878973774635
10.957767952335397
3.6359039280387386
6.6905845856196855
15.132286786694447
6.117874044359459
1.4227616379722483
5.081966196914843
17.46968289938604
7.974954477687198
-1.3346563798313946
4.896369114108041
5.929925647197899
8.364978279246426
1.2399759522620457
7.950009985807945
10.590846961172966
17.681698903807746
13.209671587482367
4.044577540007206
10.324621505413118
26.12293262993523
4.348789130206545
1.9684676271511103
3.7996158799770594
13.380830612152717
11.638816338716385
2.4405073042663754
3.6583443066651298
4.446888526912488
3.3926734460307513
5.6435568901859305
6.935574197698006
13.82281515986123
0.7657397920832972
1.927816945819402
3.225877104774537
3.5537655292612143
23.39705105454012
14.96993653758928
4.127393116619277
13.709396052848367
9.0515668438232
2.4432953371100417
44.95920220984217
19.86292486005238
3.592058845624237
8.040461612014068
6.487710031258563
0.38606330749450246
25.37680094480989
2.1309080130642384
2.088635495597816
8.809945874109136
0.2717299634392024
1.128235886207378
0.207357966400503
23.86499557577895
1.1253609398143298
66.08289425445655
10.36688675623222
54.88932366015355
5.303077841493709
-0.5330782426938284
16.096203285709095
5.35588186898126
8.771055664875036
5.096584296996761
8.627336768456617
3.244480991859719
4.1765089728305105
3.696716348707417
11.4595119168024
29.8665278093488
10.035524478569814
2.3813645753811055
40.576001792911704
10.769711527679753
11.899378765877579
5.828807394873375
2.7133769010178383
3.2705693463536853
20.66793672591204
2.0453240388817417
35.47096580238819
2.2686665022679016
0.646653594276442
5.005019411135487
12.484433152859717
4.951288873931056
11.908294182259047
7.878332157698644
53.0390313335891
9.554330810118264
2.6994317448015126
1.36502348130491
8.455154545330819
7.372886423175946
10.766658568423608
0.991072855335377
11.58108853403989
4.741084688079347
2.629607925009914
27.636133620779848
35.062924978280975
13.438407272907614
12.462301682846467
7.596817961477426
10.32149792655105
9.424204462255714
34.37107433477079
5.57426807768741
35.95633734146283
9.147556054495787
11.177724458087608
10.907341350320024
21.30130310399593
32.415317628454375
16.144705609262445
2.7931986531100885
16.2674589228365
5.303967419661634
9.235279567969457
39.837814327734044
31.204358848426565
0.6411183513646088
48.74671740694344
8.758094235343531
1.5209645775667349
5.68502351590382
13.893493917534876
13.311659867747498
4.764602380609354
14.174051186690841
4.960644260667359
10.300170991498868
6.414483723073789
1.851414130829445
2.3137834700160314
2.7508787895323876
7.997736332870292
20.8442712039553
5.022411684260299
13.2263776762545
3.244778513913379
28.67795232069243
4.8686649496674175
6.142908047697092
3.7763403206590427
10.84389608523253
5.735925889152443
5.652677490025759
8.02159021655363
2.111830880102158
9.905223970284693
1.514990655246553
4.76444016328392
1.7584772879387
4.551985304107287
4.979019327539039
12.822599775501647
6.2901174519123515
36.66287815202175
2.3738288089435566
0.5788812611860443
0.8215487288763501
8.28794622312041
8.637017096931487
8.815872420481414
7.385815922863065
2.640380816966081
102.37023030332581
5.44678870452273
13.88805583562117
47.340089413294265
8.092280044294244
2.932103356898898
32.40746920323196
6.446671193558248
6.392830149454558
4.655492078851196
30.086441250161425
14.80842368386962
8.535380800423418
50.85856961358514
17.288556619244023
4.656600520736772
29.964215739874554
3.8922301960551664
15.391490698085617
20.492788426847365
1.7315417257770067
2.2146466307212025
15.134137831823777
4.069346790659233
9.678709020307382
3.0409036851252416
15.326067456413968
2.697766233902839
4.063133215500401
1.072546799490202
51.122629436327614
20.39248537449544
4.190155726086425
9.905816186421376
7.166391241085651
31.581652790654843
1.277861213161863
6.428674687516414
12.02443851371231
0.556374396061432
2.8631861445437052
0.2437198901709704
17.677470352161777
4.013660019430565
5.70299102105413
5.8804624743544345
1.466117789868788
5.229939528289579
7.907509108030052
2.701961576760557
5.485050300278732
7.965655852046036
4.098978809743538
2.1167998247279174
5.604399294455925
11.77138017851045
6.637555768959764
9.560036777115496
0.930824306448465
5.190712682333068
0.6737335817189866
2.143087405636093
3.8917830411655054
7.248054771047541
1.4758765822752478
11.659437653595418
6.514605923484401
4.47930464708962
22.163674887871395
14.908261793297422
7.287531353262253
14.947450287227817
2.2402719232329655
3.1595275937551563
2.333708820641674
15.040021315118889
11.106656273635314
12.34904124196355
4.2492979595302955
15.918771659908566
4.237108381369042
13.123567451206304
0.9509024189404484
6.182306995527099
30.14614011301708
8.94233474225553
2.7748582301447233
1.4346938019629871
15.595040395391703
2.8539666572071947
5.650790848748323
4.320253020507453
13.05655836299111
0.5089230578647423
3.1248708074284206
7.621813610550935
3.0769100485378886
31.728385424990975
9.664499716749129
4.477133834475818
2.402449355302514
10.864581306554882
3.0471468348140265
3.889302853210635
3.305222108746106
33.59558601796288
11.639320431903938
16.40746073743655
24.34187274771846
14.330362305454418
40.526807261455666
0.47272623553626714
3.2117972324406177
31.821074963498365
26.563628076267143
1.8925334487063201
25.100476813691557
26.30118378028425
10.79200031982227
4.075583728770284
19.102243821144263
0.5003328514605486
10.241152974744132
7.886724894604255
6.062615788269138
3.512956036318536
1.5139778116761742
15.819535348259311
25.849708500854625
23.509987670619108
14.669437226997687
14.724453624879999
4.566324397278603
1.7450946169349133
21.231896971405767
4.321347422226646
4.70052567730378
1.8966371105521267
4.396227752019942
28.301922745686788
31.17013328481359
27.175335279732288
2.2955774755955116
2.7821241454191306
7.670671814716589
2.2585792714692188
3.5322884244792805
7.19397339042278
14.245469536334452
9.663586145126299
2.4867668563280234
4.292985815159801
6.346917557804367
15.028827481325685
6.031855525291076
1.134385113527956
35.720763748279644
13.726216266436642
2.930450815206237
103.94969727118702
5.3154490641122605
28.50845990649301
-0.011480599801130385
13.308130128964892
10.394213160794562
10.712951122224505
2.260068945591743
7.570716773849724
11.68360782590566
9.355640863013074
3.5545843007884295
3.580462791097105
8.027901119382806
10.380574598605714
6.792483280171019
6.375455954119898
2.2678429406511404
13.15396872830411
7.299711637823484
3.247642698390209
58.326381992113085
15.3880973464102
3.3753075506643864
2.607826169341078
2.234616631965339
13.532410353566545
51.63311272108803
-1.1217674265209283
3.1328584916415854
3.334523193091139
10.280662453041153
8.64922997618181
13.053076181974893
-0.4566824099781248
6.4605418753383494
15.262142121998636
2.226698154532107
0.7702928826950938
2.0345816311015423
1.6686377706499766
6.349272272194134
14.226246437508058
2.133662827690779
2.1198123502487087
6.7313966498813
18.87771113760714
5.882770750687761
9.89431826069111
10.318793112161696
8.374024292967503
1.4096592559077712
3.4978097011745
3.293685360336242
1.62607875814207
10.828577328873907
40.08300342467345
13.713846932955782
9.816595445233798
6.002498497910307
8.276773156263372
4.384894316780405
8.095938882774016
3.077230773228697
13.60756092116666
6.0652198813693134
9.643440792384895
4.528685229642873
11.346126966064691
5.071866522462093
0.33953231004739837
0.5773224128071685
4.796343727295275
8.580095458740397
3.216590788227852
1.6417055413702948
9.494388683458704
5.850290606046168
32.13962496621799
2.134073816022182
51.806832493724315
9.42958592731535
0.49972932015280813
7.131409450874625
15.752447004127504
4.700620853705086
9.028258756329409
2.738731486199442
4.827161663899735
7.91094252718857
19.72372972449781
2.338782995693971
3.275483709689286
35.93577378224194
4.618123012192489
3.698758217792716
24.547100441578472
28.770152240928475
11.575031432136036
14.212503619710777
5.1895314746882555
1.0099625943173969
2.6363924548488082
0.7854633744153746
5.390950021003141
8.377346905065883
32.113745687651495
9.287759259993406
5.804565770153884
18.86469048747139
3.712095858568827
-1.1263997277164708
3.541558258216676
4.4211184550034925
2.527783517181477
1.0528183520258116
2.4780702418044673
11.172686285661854
7.357771359718013
1.6646759334712546
5.668247212144305
1.6728550249747909
27.803825471402703
2.5520576666789108
24.38553023384876
4.486714528916384
7.018440720667083
16.15118470645599
2.7500249737083626
0.5403521837757879
3.3329754592627334
13.185175472677882
1.8146559906564574
4.155410037670947
11.484180579101645
14.701967498562649
7.858757410935951
0.9480522771644445
3.858570942535147
395.1765472509139
37.15891563917497
15.946910171885444
9.069689638037413
9.541850261380675
-0.6735531006238294
13.719314942817462
6.02471140848527
3.7855170630209587
8.4483361302409
1.14652090133886
5.898902984504611
10.588805875278805
0.2665619923528114
4.154680160584188
3.826377676218425
4.8972617761977455
4.705124010816701
4.803055577063881
5.275537874689266
4.196014751403755
48.28236064755333
5.889730145131624
31.130204114028743
5.967223879828715
0.780872140501763
18.79793014273049
53.58441704453431
3.9186475720878367
4.793312480048762
8.585968519387823
3.92013270829506
9.029109697151181
7.458373260265468
2.038063003584215
10.145155641141507
3.6121616694068175
4.749913715490894
3.5181306735047593
3.045713076440127
3.081372709104467
3.8993242651138162
2.35751902138395
6.174444623258004
13.79444298363335
16.09420433426341
4.673742473976776
