15.64606712701261
5.543487229799246
4.842694941928572
9.090500143673275
11.526682013136496
2.1237533174454297
10.899874708858393
3.3301946101649293
0.8402084873866266
4.074292165246342
7.500537926583669
2.0202718904937305
29.02591785435947
4.250517175894329
3.1388703162037745
4.714014044851953
4.675623857195549
7.639500963215911
6.215449884411828
11.913476324048172
2.140297065614515
5.70424084331104
9.452655005909703
2.6393414342948986
1.4485355007697975
3.5264014157708514
4.382343031046811
8.219879195074364
6.668179293973083
8.067678561691544
12.237970660722073
2.053955681205887
0.31086858978604265
8.692165377254867
-1.3767169594633886
8.377940379423285
5.329637369566063
2.0291986047671022
5.012690767529641
9.84942706458723
19.63030075638626
20.64925849077957
10.267812765510241
5.493565521491595
6.306333751997614
5.281903617844007
2.4783900091135935
12.000383163392533
5.197727959272483
1.0735259913296844
0.04248384084650001
3.291633385440647
16.939100256092914
25.23658012070654
-0.10965527698304363
8.374191105567718
2.7568214750216957
17.90376815595874
6.978328023736603
4.273556137424098
9.036335290857503
3.8296512647362597
5.13149741148547
10.740097445155522
14.387775225908596
4.627432644357522
7.993942623775277
3.6468131767597574
4.903868807244863
3.830726411813337
14.068542682887525
42.277871735321796
2.9410861286058227
18.61125152086538
34.84117972087907
2.954537235562349
4.564635132260572
2.993697101188117
2.894282880778338
4.812085171478548
3.844817168143603
0.5026195223640137
2.421161143479442
13.492936798111097
3.525082242633713
5.736906370324407
1.6812887715494418
15.615334436513272
0.971703386926025
2.5714658870210876
3.1533746043401405
2.9453374865997533
11.831227819329808
0.8337777391220927
23.02260333127094
9.194325856568147
4.170521322769205
9.994375908018004
9.268260806357247
8.165560224683153
3.8196812721947646
0.46954337010951974
14.688220195971509
5.28437793787719
3.0771231884632155
13.162294498308928
4.184008464539489
7.092952461704294
8.508144055624827
17.830381403792178
9.790613398865805
3.708384175577595
1.9710380198936666
2.967542322169038
4.7730005413655086
2.7833883537213624
3.297360039449311
4.608843155468315
1.6632250315121495
5.625576042320532
7.38615451175265
10.829576148751512
4.733724747594138
-0.6673494249105999
2.267406069322779
15.932182500673276
6.399156030041445
21.352037705105804
2.061751432031055
4.617980942869577
34.36434974788052
10.443781262823883
19.636469744646906
3.1569914433607744
6.403927616965011
10.886265849673844
7.0113758172543035
2.3854839070578158
3.3147544489630265
1.4909528488001071
10.001479666575491
7.120754328151718
15.225589431275646
38.730523899913685
10.23463312803355
4.4288811679922855
8.4639256637116
3.033446272634416
14.042424872106649
1.7454748311648698
18.9730551223911
1.8428183367035755
3.6344618616376883
2.6340699294389855
20.75755385175764
3.189509606606556
10.552240783460837
9.918043841228945
8.766449148897
14.310969093480844
8.526729428830619
3.3547780093413433
1.5180294426282095
2.5945543546386722
15.237434537823182
6.105385231644004
8.964030103148287
20.538420143764156
7.378548870181332
4.257715817472753
13.018678762310373
13.576749252515208
3.014723579540221
1.762881860934482
10.472425337795295
4.51744863878893
4.787994488004489
21.903890570013733
5.731362699096564
2.510929773161102
3.794540006725688
0.09170823425498256
1.0804944447263738
55.554983868231275
21.962177084470127
1.6253469243763992
5.868794570343674
26.067568012806852
3.3623297557068677
2.8837743796760265
7.4862753570795775
5.319954104084679
0.9926977411869858
6.25909323692108
7.389951070330781
6.992590504270955
17.00766177275155
14.626709679595198
2.715593024426809
5.563827461678162
4.366177084915525
2.8814496670027285
10.990151098059632
4.512827054120849
3.484567738015269
7.140388009011803
25.23943680273372
4.699658794148639
63.62576006324044
10.257877122237385
14.251771915568755
5.174811440229609
5.207866134899669
4.533364587383554
48.886682830577925
8.595364254712132
5.936590973229717
27.437973729376356
14.879022915324887
2.5618151177188406
2.640263151758975
3.502155337958807
12.52981742285559
7.068275364201136
3.9504703354532356
7.062772544071224
29.30299801074409
8.577181774398296
13.81622993681286
6.642244236565046
8.687660338387046
18.195746401022323
3.1547695636938218
11.129421220343314
1.1786149071656544
17.226002520199604
2.9321014069038234
8.84587487720349
3.873932487683006
5.5782225829036705
6.579383358105006
4.7325011816861995
2.527003048073302
7.269865699885608
13.383954703512178
8.337868028263726
4.9502095434907
4.037428167176311
3.021280430114073
2.5590650460316673
4.304522607193051
2.532354493294251
3.4026624720697596
4.462480995457174
6.652395025477267
6.805815002971128
-0.00047517180156149647
7.043634030098588
12.422074146105954
3.8087859127093293
2.4666677234835577
4.164724699736575
2.1919136506122046
5.204977224382442
14.451854328078843
4.35115506435668
5.942758897363514
6.481347191932737
4.3215173356722305
6.316712033276784
8.287407124998854
6.3714017503794365
12.105596861982086
6.857043429071827
4.315732719211062
41.24236541565172
3.604471403341221
5.227589680720519
4.506861533172267
24.5896285771066
7.538834649582122
9.356246569954465
19.396764417994724
29.222603181844867
5.145532939221604
16.240146059173867
3.1776249402898227
2.938655328179809
14.396307620405718
6.206343742107571
7.332356535783995
20.443259625667547
33.378503483632805
0.6046463034597241
6.804464253863207
5.37456580267335
1.7505606194909482
5.588387050775412
19.1152763447527
2.35401731673956
2.384822581022997
38.46348010244575
15.876304590741995
14.576237105842479
7.380162493879575
2.0220914427164716
2.2607004527919785
27.592675076808533
8.555470354151591
27.23916233652843
0.2640056310912081
7.221532157157363
38.01578597740731
0.7184698645583258
6.559949029027171
24.943931093784578
1.2077696781838438
4.51060478602115
9.859121147303854
3.1956778706996225
2.279424533726157
9.888052210195545
17.33084794067247
2.3833703926336085
15.45821047277706
-0.12432737671792142
7.451366908988295
13.00300977778023
2.9653530704195297
5.452859174882086
3.7912162155926623
8.831559628570355
18.30875408667268
0.6601399257740099
36.697231832382045
5.122292552173824
16.89000104251437
41.227927525576554
4.3852815110675465
8.315308704550457
29.28615093476861
1.4840565604207103
10.788984488688525
3.371041540427054
5.893990689922712
21.563164353424224
14.485908641999707
21.009678837413997
12.408539214116582
3.2054389572001663
1.7933993087119202
8.837457691947646
16.558399066809617
8.870764978751323
2.2858059656850718
8.873641136491287
2.764649934104566
23.436063974751004
6.74232200054071
6.734809536877262
2.3196746267887662
6.211925205609216
16.85459259601869
6.8557480358453216
5.316545289649276
3.984896767993992
11.846469692712263
9.020365967685018
3.8221252089983806
12.544853611576105
19.29726892572979
8.305655044550841
5.416413176741955
1.8311135458076007
3.837107576157493
5.432343574059808
4.955836005079315
9.788523461154922
9.526682821091612
16.820656574932812
2.3021962537982126
11.685793377345236
4.9205276639808195
81.61094156107843
14.485577252433316
3.75562820148677
10.340876875606773
5.255786015484996
1.582950666190106
12.501087986007562
8.080485813623826
8.980128910001847
30.675112673159084
40.89359853230741
1.7911718799346743
5.077286751906308
11.759935856735481
53.94237593474693
0.8882687391208212
18.56793315248206
9.995556529209711
13.295499270597531
54.715460738573704
5.573385840359416
82.67602551188081
18.855094909655215
28.105645424555522
16.35649210105544
32.089528448940435
41.6921359000483
10.657899179326408
40.282206719557166
4.1400408295746125
6.0712583284146575
4.422498642510359
4.134900695957443
10.234684562588095
11.129188597429435
8.465729408557788
10.025101963871176
0.8277494259235182
5.829420698578887
2.781021092915177
4.117191421513302
6.906841233066053
3.1818262460478444
-0.7385079411584863
11.045233533960168
2.397434003698042
3.5620549788245626
25.693110082137693
2.1742472592760316
2.071358863170391
4.364354945418552
13.46553553683952
2.9407780136169186
0.815626049491323
10.450735512683492
11.994921272095338
1.487203311638921
6.033737373289096
7.635040816958123
27.78607727330847
7.829994785347138
8.984615335965866
9.860520854686058
9.265393999403305
9.264892329912218
12.712526843252533
2.0974250859816457
46.09671445942799
7.838752047384232
7.627827134577867
2.9191984443031465
40.04185221400503
2.1163559280717075
66.20568826727464
1.1006946519440064
12.331773825987563
7.351412382902014
1.4618054357833106
1.6965461460948668
9.335047782060522
17.36954647481813
-0.6113618034897056
4.720298434252935
0.9888585157355889
4.995212383263686
2.3475849560130952
10.965108147650577
5.532063281826855
4.392608335903177
3.862927023872719
1.6756279998647505
5.426883942600698
5.192013257235787
3.2590372127668887
12.621785920086175
-1.2906302383824464
5.772847287952268
19.872871168912035
2.85273304348314
8.575723172422586
3.608771842062255
6.7927470298405614
12.260394253548426
6.929126313530761
6.035673113220167
14.04835278549466
0.8929468757054277
1.2482762905403395
4.07159478298798
10.339590196831027
3.020837766029604
1.0319685805216168
5.533170447214766
8.128015119160676
1.3522739508274708
14.77612882430747
7.2612203377099585
12.28638197541333
20.828025484281568
13.464073749485584
-0.5538896282780748
9.46070629775616
28.72787842349513
3.685638410083948
1.4101509170504747
1.5100759351745603
18.30248205845205
12.109400187558249
3.1893540564032246
-0.4222127109418757
3.795241172525044
1.2399332945549566
2.1112556676464105
7.056820660105815
13.420424883127328
3.064622334695583
-0.08161307667772746
2.3956143819323836
2.5670908823017276
25.520555940938316
15.592672974892446
3.5903246171476044
17.49100703107767
6.874505292690577
1.3695562637402638
47.63978162085508
7.5620983566863735
5.343410532009834
5.305462190588836
8.111634544987576
4.001196665088498
22.748082251277886
0.904047268126275
12.252570300694682
8.263114314159923
1.142053963978964
1.9476125276798235
2.128423128390547
22.63165522524007
4.901774907364154
59.566921417407094
25.370805195077878
5.82239788071446
4.900547547814427
-0.7701579078729104
13.633388828656654
6.556712770696463
11.716364774061011
2.3555007449339027
6.551904898454972
3.3824095059559682
9.801904113851554
2.6989849199494746
14.419755823789012
37.98900756708906
8.783417451177447
2.126992924550148
44.214259011888885
10.345962248356583
10.763832358872797
3.1179580580712583
1.800556372345118
8.835242122535027
21.199325793079346
2.4787732340696036
32.996194134029615
3.8300877829887647
1.1940112820149793
5.944961040270905
9.979055821887622
25.763029352204967
12.066956177884899
5.617759839845976
36.218900811077155
10.201706952429976
12.337333143331753
2.1917087303316447
5.118051908171415
7.342487168136736
10.427699403173857
3.739421715676094
10.593540415922405
4.323907990539831
1.7709199730887932
31.45751727261423
33.93293161373831
5.0089084385217095
11.577682184636531
6.063772076931524
10.480295821732874
11.116803079858288
34.216510904014385
0.8134483977477324
35.10088435918985
13.515078170428131
11.289280165469123
8.042369335910035
25.15465891637534
32.93106541919931
20.717891048746782
3.603742952189993
12.634208417159627
6.616903103370688
9.200402748776751
34.63906826472586
32.92278342855748
7.005942404671178
50.24010891092078
9.5771739955381
0.6377371567486392
1.1813561288848813
13.813460960735904
2.4160254460439026
3.2055060962016393
15.812646387708108
6.126792141750308
6.3978749875830525
5.008708618949095
0.28530055338629606
4.25639890255662
5.0930161629610335
10.001503580279241
20.22432319931553
6.853492353072519
16.159452369913367
1.2904767571902778
31.002008887931908
2.908474524514697
5.475344919270127
3.0466224739903454
5.301158825861047
4.258912921811263
6.522592258711627
10.142754107336586
2.5581792375151946
6.844496036263532
3.2591960007729814
1.6528834146653928
3.492710037744855
1.6481818840241111
9.037546457945481
13.748281094015676
3.176003425991965
32.0724876146029
1.8531540576490357
1.2643068340561565
1.1373948436799268
10.423996269194202
7.825282604751577
11.039837348339086
12.196988124303033
2.8402338952500297
117.96059227300155
6.956558079325025
14.954305106492919
30.17952828307566
5.775906982322923
1.5327126287393298
30.1155665166865
6.3956379409333035
5.651723260754928
1.5995168785912783
30.296976510290715
10.003000020240176
7.691160994287356
40.91433185721221
18.87289553840564
4.245945392065045
34.19125352001775
1.7999049718505769
20.745847379251945
24.085957972697436
1.188389196172682
1.3261557858117534
17.09578235000777
5.897136906957603
7.061240435781938
0.5640020090710886
16.767329152097563
5.369822721398538
8.455830869948333
1.6283258667280616
47.09268613774431
19.623363264421027
2.237308808344701
6.0344164102198405
7.001848730503195
16.001176211664298
2.8180287182476835
4.87103606353834
12.564423479218789
5.388435619880277
0.0016302885840259863
2.795349027183985
15.348831688523774
2.4015316014658796
2.6378189863769106
8.857103158060495
2.3000639793574913
6.430399486231361
6.6903100003457325
1.4223321968779803
2.912091972631965
3.1938550716024205
2.3436077411233067
-0.2643558975909013
4.936867332765259
8.730127828440255
7.635274131497276
13.171550097093586
2.724039957789739
10.99110076338346
11.893807763689122
4.266929501412147
7.688724398524893
7.309905891565299
2.095881994710406
9.613443551715129
9.869570129867828
4.045825568462626
19.76635916109676
10.431039181445621
3.677390566334428
15.79976121866084
4.538231166534722
3.717044107612489
5.751966598215934
16.80069736122074
11.132859721350586
10.652440292920662
0.1876478434433169
7.423931568848178
8.829567104190867
12.243924824995059
0.25698672572637427
4.903484836179544
29.74300649806297
12.71906357924463
5.453417785680501
-0.7559606267429974
14.045653371593676
0.19378714474780992
4.496253860218461
2.448927491447539
16.070328640037914
1.0870705316159033
2.918440738112094
7.99895262252891
7.568783310261594
35.76113777943585
3.700121303937831
3.9291241879535264
4.273736495975881
10.26588064151472
3.2724454899340603
5.3481127639190085
2.6856504700029835
33.90879088302669
11.800625002264734
11.358610662475323
9.58075206012105
8.698053114293835
29.26606161246284
-0.46926750446098237
2.5118675959592034
32.425215869888525
38.359354834839074
3.693213726958729
28.053229868304747
26.833217072077666
10.708520657052361
6.319705098752677
4.887302610082777
6.75952682876915
4.571622906632414
2.328229138932244
11.933728428338439
4.195113653826405
3.941913963636371
15.904647610007883
29.631407996716412
22.355225986629495
12.46266769138856
11.477087601869867
6.691375373864772
2.2770465266834514
21.09240228911526
8.40360554212345
5.749341991402078
2.6034907276934915
3.174491005169348
30.05691073185218
49.749614700449015
26.143361140238316
3.880490136965652
6.324418042276869
6.417794907349492
1.9953165840427658
2.801291426998776
6.09535082258243
12.333073990977748
9.87007449146465
0.32487140082471483
2.7859271115399027
14.027591124501564
12.965041448304023
7.901026849397
6.6900037573623665
38.1543389862958
19.436589511290123
0.9128840666960893
105.52219270301174
8.82977211255048
30.800322720687994
0.8488423970742488
9.028815250395533
13.09560841890818
11.330704876429397
1.0814400593533307
8.626392681647177
10.895219430836521
9.155327513955912
1.7767733705781712
5.138622958728019
8.289788545533286
12.125578875377741
14.354882006598308
5.354607661443568
4.646347444500654
28.49815800660222
6.93623928420873
0.7326271430577299
63.39647300020576
8.920843825659983
2.2596136648099474
3.415905602299675
6.034563712436618
5.8054058700886
43.55721918426112
2.9520713456566567
5.486700499101402
4.193122795160699
11.597395322914233
6.285854374790256
8.064444144568498
1.640801581493136
7.718695511084587
12.069833974536456
0.2018812740245878
26.513137236225038
3.538487822369775
1.365433469046075
4.109555167439213
24.29867738592933
2.459535075064697
6.048627476156808
0.2104041227460484
17.86654644992066
6.3485978557947025
9.90492298955065
11.86291261613079
8.708116547206165
1.3106407925890333
3.981399185301449
1.1817223307222875
1.1948670110812356
10.104426507868984
38.379094361453845
12.371536196618587
5.737898132153276
6.984228537494215
9.22947405358053
11.085121442690673
11.772206645016327
0.5054684479824492
12.220509555218806
4.3692113649113615
9.34812750958945
5.687110109320276
10.239998639668691
5.965619180324279
0.2807095960366109
4.21271538393961
3.4880746955240163
8.298077738885613
0.8061352456373743
3.8435394417106483
9.95972230832403
2.1476323275975444
34.7681966548249
6.935392720512502
52.80204585864829
6.887099798802648
7.367234396044448
7.347183118417792
21.6921151696732
5.046795106224374
7.113580731131553
8.89162385142787
5.544794661777883
8.006683246108125
26.3370174816502
-0.755165451784227
8.838034643572716
31.630025741874956
2.4166789548849006
3.3642419816290183
24.346025409622534
24.658641814438997
13.543879531237133
6.99907823342781
5.461356176634694
4.0457640772282755
0.6925248013004011
5.142373420334657
3.5026760948975797
9.079567387000635
4.741453684454601
8.541759722127017
8.24431533328519
20.644381035837284
3.966032108669593
-0.31550306160350927
3.5632937732027603
1.2633052164258414
2.4531658078082836
0.5231158267861545
2.668136720893154
11.168337620655644
9.804152469354047
0.3557658558928645
4.3922338838781005
2.0437900109710565
21.19566544475425
4.968931354248565
22.68372630425895
4.270251684441976
9.143875854198
16.139045833004797
4.194580409553935
2.915217120521821
3.536665954294168
12.742494477349716
3.697192017302302
1.0876600783047476
12.395513618166607
14.156267390677515
6.06559755972525
-1.645976628384818
3.427214871762089
365.4355516393122
36.68589088201541
25.251024020488998
8.938239187915528
10.022356398617701
2.1114917508422475
14.456737737267963
4.453262992158332
3.0673724630666417
8.032809650207897
0.2990332093110411
5.307248514750478
9.436535595402862
2.9104083315347964
6.165814877619518
2.2424646306037874
2.5221943489934047
3.693637946971565
4.019002276014062
3.639513833284416
7.696403904593821
52.54388405885685
8.307198379019253
36.42632470464936
3.2796220849718507
3.6977366947036505
16.443735075614484
57.788825740194476
5.233217559193519
2.431104585651241
6.616600816483026
4.656475935106582
6.2741005800691525
3.555221032613691
2.3333688825497156
6.846322174213555
4.135843376644024
3.309807857405708
5.4632205661144155
1.1015271232288995
4.9674594308314886
2.079409926958964
2.841819669774447
8.111934719613476
14.006252241060334
11.507541174136366
5.637426371615136
