14.705681379917221
4.668776961662152
3.3964794252932884
8.733320044993764
12.62441277291488
2.091153149667728
9.518879348220583
2.4135799658102908
0.8248359292724075
3.3536487085738145
7.902985363542541
0.429973390180135
26.92457393981659
2.404929532368115
5.132409643990838
2.30458088834855
5.9676362492446655
4.278134283158476
9.616978550478889
12.787597719530332
0.4094546702328185
5.661495378895648
5.570044394335449
-0.18980730038521693
2.3827063554402947
8.478659300328752
2.9090773030882127
8.232828904806736
2.67433301118241
4.262133493294214
12.855816574486557
1.3597229569926985
0.7501285805318406
7.520127703603042
0.28577950821236786
10.093542398998059
4.3740473397130195
1.9860232093629853
6.294958871945875
4.50269374147719
17.41166731129678
21.73101272693153
21.978704174559574
5.68076187636462
6.663994723767856
4.541309364711637
2.5054613374638253
10.612092843570094
6.3837043248378755
2.84540170964977
2.577806021890308
4.4817884935795025
8.594419007387604
24.427224188256034
2.7556155830032707
12.568837634225725
4.704374154357911
19.2419695507779
2.308238553433797
1.6928658488285047
9.252971269274083
2.109617885152091
5.988647324270576
8.686702653580134
14.085777303063246
3.8835270415422722
9.124583461544193
6.925065938312155
5.575499609457486
3.861988700064293
14.634379733202747
42.328352361229264
1.9711984469590553
15.891994597169854
37.689031118824985
5.442596972112228
5.3674291250367006
3.640628845732361
1.2953700760610793
7.404436680637094
1.4394173552356553
2.987022561889044
2.2491164098114234
9.66100575183695
12.279400141690566
0.9808187961855176
6.224509107843488
10.372063700337927
1.847435412176828
3.1147241817716993
6.285245841027159
7.13402697778936
12.598790038077283
2.530971952245499
22.955360949773294
5.919371606884879
7.575136823436839
8.310979572988671
8.482134934429904
8.359439160100235
2.9599685980734787
4.692153550036791
4.210194745887245
5.0161574787172
1.0902691378857172
14.413470120015742
1.2544909496490546
1.2950669012901583
12.117916352864478
16.263602850570418
1.4451800510846997
2.7515980131158297
0.5128438585021897
0.18012243798840163
2.710129866168716
4.027487462845298
0.6500731327515377
4.084056384187331
5.417298910029608
-0.11282216782174669
6.504190621206509
10.61239427213016
8.598198751327454
0.15247945670817814
6.140450815027873
22.427832112700436
1.5981257136640792
19.94749506916664
5.123221216649561
4.211387226801041
32.484894082675865
2.4801827496253064
15.111824138173422
3.382480017063135
8.374782154018803
17.161635897920828
8.962360377178339
1.15134485869883
1.2492308520273023
1.6644812934205286
12.081665262486013
2.680756921776554
14.909035671445716
39.42557899599399
9.319670002374515
6.32525539948442
8.709941465691347
2.124241681475374
51.136427081300816
3.941080238287206
15.446825258387824
5.997516460332588
11.07138588398471
4.18615032270285
19.841242235245872
0.9830391378926677
8.308389536426684
8.32845408490793
4.947258148407443
13.601346857709258
8.949472687498856
5.421487920174406
9.689732125112437
3.999785971696203
14.449294556488336
3.373290499664927
3.259914358126246
19.215027230874245
7.946497335712571
2.6369642656457395
9.240627251619113
10.310315090487878
3.0380649771842725
3.4761833515093037
12.054295545153858
0.46425765216256826
7.037215668910746
18.504642289884362
7.138453350503236
2.0630227451945506
3.6438684865084907
1.168613235180797
0.04555532153764807
46.30630957435177
27.826257660556703
5.8834999198893
7.902254319069833
33.01812222889988
2.797490129857389
1.7784740905131902
2.729780800096909
4.525664276922886
2.8034800612257205
7.19255320674151
12.55791921318045
4.945717267469733
16.858698877826317
12.947840780155257
19.83241802363346
2.759550054475233
2.846511724793852
4.5319645876959145
12.068397258399663
4.2121681691320125
1.9493935487717318
8.330457115398323
27.403019130129362
5.11826413266504
63.57025918231211
11.131634366258588
8.419197410670087
0.34520473591085427
2.0137669972231396
1.2212073780585972
31.85943412979052
6.89863771950002
3.4625463112486536
29.912431184442028
22.461012840256807
3.1300590508241273
1.4456705785813155
6.219548522299073
7.843301242680579
2.797333849223832
3.8629876897019133
3.346331717094951
26.330711065763197
4.21451467760612
10.908838372674381
9.842026740866373
7.646391709909708
15.266256809805531
3.532116170231744
8.535312806589827
2.350584828157
16.298234565819488
5.871874142146606
12.878953847423142
1.7717462838489635
4.633431269342445
2.0412056499010873
6.130984984925497
7.038507325824776
5.364907461130285
17.516973320836712
4.926309605597628
6.5845881497322125
2.4352404793535456
1.8748503767712261
7.372281717738557
5.839227205726039
2.299459413810204
2.9760031384269716
6.956501132899239
5.382168009322935
5.192180870101653
5.41388167295971
6.458327828333771
16.367257451311506
1.695859960763229
5.198774038110942
1.2974670949751546
3.963918832455987
6.423933538879618
18.079384690922417
3.9170941745004026
9.35194243233521
4.660972874135223
5.1964562224034605
6.714727104845341
8.298287411547545
6.4448364885478515
14.725969576442026
4.638585950632634
4.615670220026867
40.879727087310265
6.8855063930786855
9.137997991189417
7.809653510543569
22.723302211727148
9.410480826176272
9.082477858593817
18.81668462637296
28.047771503513015
4.847130549057472
10.49727769866023
3.422526525690179
2.620382450208605
14.719377848761384
4.628761843033648
6.62740423338644
17.074372481399866
31.55323148934174
5.7918066284084935
1.6211156134276408
3.211826969899788
6.330296688042047
7.838294033924015
19.975398460432093
1.0678405768934627
2.0550039596346283
15.800376815093125
14.90655463453915
12.642909315685467
7.247652021633436
1.6462599617945102
4.312901814890819
28.32713731354915
4.273568106505207
25.057255919565897
1.0343091351580154
8.389453748063822
36.510052591682204
0.4369526185372799
7.227294198083825
16.13561705369411
1.4173079390516452
10.14323125301054
8.785021003599926
4.909554588845416
2.5600372588733813
9.363314450078805
19.546503134688262
2.70849304650768
16.736870750007576
1.7762361472033346
6.910165410532987
12.056242752180406
3.1849720293863286
3.4515655689307025
6.053409620925746
10.897628538372347
15.516900669514685
1.3758384524059555
28.35691485756362
2.4158523895523167
34.54910868296657
40.689660140815526
5.347780801552328
6.507233533881045
28.339797596642185
3.1705500701766374
12.323834368731024
2.7320376792162224
2.504653980922838
24.947414720824767
13.628632757562233
19.250870127369417
10.826536992863268
0.007949671101463393
2.4318846925076563
3.8515235558532974
18.807101810987202
9.586992966800238
0.5294428316332371
6.279561303432354
3.7818150720487407
25.883580915109125
7.189298474417659
11.680272246421081
2.8439848819002345
5.768996880207155
19.531967654291837
7.374174580937751
4.266903625981974
0.48325858525978327
1.840057299296867
13.29920597391516
3.0319282310008924
10.774118401454603
19.807070527845376
9.579211264329828
6.042107879738341
2.2797659234656678
4.651226115620351
4.620103293286798
5.667392736386051
11.109321442723376
11.811342668944494
10.143130431136067
1.0481525440778867
16.637458806922528
4.098624782772514
80.55894621314648
21.966955031280833
1.5816495494391014
15.276143097103144
4.651880052160037
6.416882479225832
13.102992592966336
9.436573624459754
6.303205048026745
29.339587435837153
39.10066757437172
3.337825282853137
5.372025784308069
11.179326203948849
60.41806342908558
1.721687949235304
9.11364940078884
3.972117647256907
15.467904660322816
56.58834849524965
5.399531630888142
87.16951951710818
15.481575331605711
29.57761802174874
12.82802062853738
31.8250720243449
44.83293648226071
8.968474380104198
37.7250883720622
1.0100465696243648
6.365951430625155
5.262553045385354
4.303747619246318
9.217062942070873
15.845500724139228
4.803245018714811
11.281286069722013
3.32743367671906
5.040308017639858
2.5541090684714516
1.1759984498850313
2.7542035098675384
5.516114097954436
1.2446286463222371
11.770168959039935
2.3148582054424582
6.518294529821937
19.278498007977863
-1.723408819449638
4.289572497527675
4.800969852646773
10.257055275451096
3.8392636300494387
1.4867232484579762
7.701206129430403
8.144857958871784
-0.9411871104096764
5.787585044263788
10.240245303013037
17.382025193020755
7.4372246335278
11.353466256461369
9.70426634591508
12.058215194263958
7.081274286769355
12.027616924193513
3.1241354399243484
46.43647703767088
8.17953386476819
7.946642314441977
3.7163687108655115
45.786027891156884
5.048975363855652
64.68096438939374
0.46386091545504543
10.090348461167089
12.1057561728486
1.4428283995770246
2.528442238927596
7.605538153022499
19.396698109824396
13.503432117696269
7.430855511002032
8.035466131264567
5.325248650002225
2.1448629417493836
7.906012889313985
7.296780951023476
5.142611257940382
4.22126524622792
0.40968177390604543
6.4271821694299085
1.7339347992372716
8.054555987669572
9.431117380429995
4.607687559924146
5.94200445556545
53.08751271360607
2.3628472628977204
12.473638131814466
3.660714612476834
3.5370920442817018
7.995619165265287
9.667650949375938
5.4390663668162595
10.385274379029154
6.135920825883681
0.03757988576627632
2.8604649628439796
15.057220002610999
8.02945731174476
2.2178956518811566
1.6017679944593768
9.971279621436118
6.766111675059025
13.112033763005574
6.506927833279971
13.13769313134472
24.92707600393701
12.493461035534677
4.741788013899324
3.846302024661387
14.756547603617166
5.837448684359112
5.474987303067857
4.68697607303291
20.537768840898675
13.83871957276611
0.7221613905369746
3.3595676819693416
1.2482305169732706
3.5680340707016454
4.399668920747693
7.1199664278679
15.293677075761739
3.233913889188533
1.395016704331632
2.8593302236945384
4.071187030561328
10.986046340422005
13.172616370552262
0.5312510763249497
17.777024084089696
5.9265212951841395
1.2352295298028195
42.63625386369178
19.92011288465189
1.9005820629477768
4.685886132591985
6.978017445642144
5.333791156013563
21.462058053470905
1.9877094116567686
7.8574799638258765
10.320473445875821
2.683646743008662
2.7873378245524854
1.8346801560574602
13.468992670613794
0.7519131157549084
64.67078464996528
24.638915318151724
52.05688610686707
2.5835907802586036
2.0329929753087383
12.492549281547316
7.593558624099315
9.126268789115901
5.489996155357867
8.624782971209106
2.9345778082132123
12.563318154523097
2.5201997822961055
16.906519791225655
26.451662000707145
6.9294960105449634
3.7164466168341423
43.35681110397039
9.966418187869232
10.199618142408756
5.011208880712677
2.2123435416818826
7.571857140821845
19.871150607556245
3.171163027628529
31.30304879614284
3.1479485488118204
2.180510632968423
3.5258929995799937
13.167025940925175
26.168676942416084
8.544487046049685
5.711079079694831
28.71598240726116
10.35036014543217
12.437276487766095
2.6524841471636473
6.51819988322498
3.8550106937885533
11.961989838666938
1.7354434841509871
8.219195131869238
5.190973684246863
2.0207080814092655
11.829256594708276
39.66035554653863
12.058745168741696
12.395970591847727
6.417295751146298
11.962360320260633
9.902218262291113
36.7689176845842
5.170587225565444
36.90987335247572
12.159125689667894
6.427944625655793
10.197853193521537
20.013158567328947
32.220085649988846
5.970997698613462
4.3921804132015145
12.615663837482382
0.7843616400357195
9.319100535217729
23.893234991393616
31.956963908123296
6.376372875988285
49.4915248585989
5.484411064161255
2.1578890707800187
3.2508341623884274
9.385222460495362
9.749159189231886
5.877710402480484
14.222412423987144
6.215369664066489
6.934376705454172
8.147118852714604
3.333778287942381
3.6718728166977317
4.142687712403837
4.451626561669269
19.393782383088045
1.7632285932075982
24.09591185976509
2.332608146788825
36.32307478352838
4.151610103240097
4.363834806934625
2.2933174263046845
6.008792185620182
0.3621940773565098
5.060802241311642
2.2646414904181187
3.2238137777711597
8.323872434446544
0.6151900214189896
3.7069795022023793
3.4940278931767974
3.869576440078862
4.511539919816663
8.707177368432427
5.069382956575145
24.58865118176415
3.246040660394951
0.1704534188804286
4.652339979693573
3.7261005725369833
6.131440700187182
6.716024708726976
6.3562261169876155
3.316506303276542
44.306665703648676
8.608931195295197
16.315641361991954
35.52208011567644
13.306111971962133
2.2793976066837467
23.433665529139
6.668375807263581
7.4593329459966204
7.796985657663567
29.480152037626382
16.221018758142456
6.689595370070327
37.12392875323002
13.195040956309269
3.0240829209222198
35.02485174437918
7.42637819369364
29.394130824671475
24.228812299061893
0.51660446945932
4.424115102676081
15.98200909697149
1.9992548465476894
12.6823836928117
3.1235922509547027
16.623986854439224
1.233838389866219
5.330262069009308
4.599855173332825
50.511189936554935
21.517285214388068
3.345567674936248
3.5171066162784075
6.493098534423908
15.432872450722602
4.450735989461422
12.187894318428624
8.353313687444869
3.7783335226778
0.7348434854499099
2.1704821374619625
18.61842234658645
2.1682875936282073
3.6293330560777006
5.114542548567725
3.3354873166613093
5.875469600157542
7.477233293820325
2.6912894195206976
8.692528110005822
5.669151173275894
4.223032568172425
4.32146801249061
6.285826433448631
11.06591719336752
6.492155620953992
15.778851944035779
1.6942545263490605
8.24853146108033
9.703214078662716
3.798030768247772
6.502103698076085
5.375590955055622
2.1871741492984427
10.407732138831323
6.935722184176936
8.411727801450198
16.050801856464833
9.690793855666682
3.9287156488369934
7.606767836493165
2.9037991800641887
2.233473009895488
3.0726933893816315
11.304137711571098
12.039116408671967
9.291265881224374
1.8866423958970728
18.926926914697642
3.6435334233501133
10.579993802773924
1.2448564506351874
6.598706859079846
29.788651367992173
9.738386214943235
5.284243451186105
3.0046796737387473
13.78621537122643
2.8517955425231807
3.1570986653312687
1.9812555584890195
15.479140981332117
-1.3090011238981278
3.307001811999771
8.144812851549142
10.05403389047689
41.72422627953825
4.463670556944866
3.4190397013100626
3.780301854353424
4.623287034101066
1.9063462964391544
0.7581918697192257
2.762850100473826
33.297229200815494
18.651862577081815
16.05877483967093
13.031222345650791
13.533651930062316
50.07167991060806
0.9335799261685594
-0.5039798599186089
31.859577830527154
16.709356175221597
2.378114858825752
25.297355597714144
30.83242423742839
7.778163907792691
3.8705918925469827
14.018971951586114
6.220413230014563
4.477532406530386
6.955558031866632
11.201530505594702
2.3689864804569494
5.684284711073165
14.173958923380441
29.44710773598043
23.059543141196325
13.716036420108694
12.961027075548452
5.331834782775116
4.2344661622212385
11.717393779517993
8.246613114649003
5.261269244662574
2.681557021645549
3.736493565050438
28.313374382986343
52.407616365971286
23.329983111358924
2.236332889343201
3.481533867308376
5.851182606720822
2.4476866986699948
0.5161672877601773
8.697876830473593
14.363452233888108
11.26039608714367
-0.9168740024737533
4.064353223360243
10.960039168339382
6.50556176210203
7.178359204332354
4.155247995880773
36.00116339751884
17.09461900526264
2.780200344106382
103.28229581661223
4.061210029285394
29.770310552332983
-0.30006292614358965
7.5761194266943415
13.05526684361495
10.270909512950341
1.7101542365953404
2.0390512518766504
13.847239213408836
8.55337591184445
2.015814116791929
4.365708956412061
10.015852760922014
14.681424703483229
16.142238227936932
4.374004674210173
0.33820609795665024
17.44485346729933
6.62462112207342
2.7699726381769856
47.04650040431781
5.8914571923105274
3.1166733752972298
5.9595467691406565
4.65926983112369
10.204863943157054
14.920948997333788
1.7431676809232803
2.270093439775299
7.66281749648703
8.798995343475534
8.200845429601499
8.645938888883583
0.8257747802542763
3.7746844629503395
6.384384243808188
0.8675252266237578
27.663745079665965
2.288859354891634
0.5296864681878558
3.9546470160069367
19.66553433573861
1.426139717109382
3.1258800275952674
5.374550860549236
19.553004590939175
8.544250376609153
13.221212203123976
9.827120088747826
9.83522170906532
0.57500916470871
4.14733851116833
1.180832318273295
2.259488714896565
9.7441015760246
43.23153445005492
12.153677998558228
9.115445401715021
10.772012877654715
10.570260495995907
5.751340420355178
9.577488909692303
3.7261650489222418
12.783453938570299
5.096891161310632
6.22723409330034
4.0059640168415145
11.928206458367024
2.7115272672620505
2.2645404405379446
3.4581182015493894
1.9409589211077312
9.708249704019886
3.928725805186385
2.3499264207618866
10.634744613280054
4.432090302803638
28.450254696436982
10.877693782807311
50.96714932849933
6.580716058628766
4.633107255912881
5.158788015806241
14.47707389248284
3.5327508761920505
9.874486864350349
9.342340673675459
6.129073700693418
9.29688388234186
20.657333008927043
4.187706301923136
5.60670180491627
28.181607200452234
9.368005265371316
2.0170132593847883
24.205400886860456
17.868516547948207
13.485950614775659
14.699498158173121
10.682980309575425
3.8659046230752847
1.407632702976776
4.891741302103084
2.562496452487294
7.660822114304383
31.102518804132973
5.441170971175709
4.812095342600256
17.522766240469917
1.6736104089626944
1.5040804356591457
2.7678065005353183
1.3798674179710888
1.9743240754980937
0.4126246370548632
3.4072436171738314
12.686031103692097
5.500532759455271
1.4744325357286834
7.200781395182474
0.2926919683150632
13.075825529980635
5.993447467083731
22.336005795367992
1.5748536548172707
10.776723163266734
17.486677803719335
1.5462910287893472
2.982986016467254
3.60293855885564
13.277806005044276
3.645592142675735
3.903274119897977
11.287643880740937
11.79526045289982
11.460118470065357
1.0875418293582513
2.0133023918674477
226.78071815064112
37.88546683144245
19.633707861693587
8.266514463714094
10.377822800488278
1.1986492415343641
13.354525557786706
8.993240423552969
1.5657214674901658
7.215780720757262
2.744421465052733
2.8414820004450974
5.623950673446009
4.217874349296405
8.45830009754322
2.384367929478136
4.173830647653144
0.9417830951489438
5.321789540383469
4.577121107671353
9.288784313790973
51.07875691967739
5.754021378339324
33.75811873510948
3.6607134818963583
2.2333118726516115
5.263913007372997
57.27123778990254
4.510731988266093
4.519381739660785
5.228989626623176
5.346392056252774
7.5415066892408165
4.095592614631583
1.5119380123821236
13.422769208691639
2.6769827767099534
2.874920699547811
3.1557746922899264
1.347341063508989
2.8849437334656503
0.730367053012386
3.3032169260599344
8.889705924500358
11.499691177378125
5.417490065220651
6.873851254215776
