15207.750792864023
37625.678523005045
15547.219604431262
10131.478290020954
14831.353365242196
30944.16572080823
15517.941401607432
18921.574323155903
33950.19855946653
32217.322051017632
11874.069879060215
38742.01891684512
4418.301910682038
18717.353498458728
14567.43958641652
24256.99723579307
12729.66693773999
15161.320272713014
14492.282246859582
8431.551066649967
45739.047293128955
21491.6026430279
22201.596136927903
19135.65628920214
27485.195050355054
9376.571519210582
11582.05792740785
14636.177206404005
16078.83602535467
7545.508224431416
6138.366722250034
24906.874296847986
44384.47217990735
9489.248014496663
39755.24426954246
10385.5862795311
27187.546837759357
21479.021390079728
12542.788667058794
6104.1256614698905
8984.686511075779
5084.517238310117
2769.47126201145
12628.181596276434
15562.301019682185
19862.765652940092
16133.801977499226
6204.489668644157
31616.725070370598
20510.386212028257
27647.925978026447
13018.874938521098
4620.748254950685
4536.398534346333
41060.286746282625
7919.855045393021
21251.69474068791
5976.770478153042
21916.752612454424
22193.761923844166
16043.255425578069
22799.816252531138
15892.885819917214
15816.895972981782
16086.826411463893
9404.904272291426
9437.354473280335
14515.4917967744
15825.084247126204
18634.685906268118
12691.708788958664
2686.661455803563
20487.193305146713
5453.539361796072
3525.606537255179
18164.72796685061
14426.865520030748
27230.953903495327
36828.88846024304
19337.173563728178
15287.033035457436
15518.675019988363
18100.025712418596
22838.674230890876
4594.7863294777635
20317.05411290909
34441.98202780134
5305.660201211504
70156.7509241682
22659.353815070863
17348.25581485485
7350.741045095394
10780.345814306886
45074.59624907865
6534.656896821574
17950.60597678728
12682.172732365823
19032.42337597392
6083.462267786462
13972.380220805077
18196.994247042698
13975.25766074945
11015.714562814457
9524.879382052795
33808.17845042813
8407.314568375334
27246.52869938388
40014.667947660964
10225.429116832907
14055.00375427639
7566.7414575492385
49360.24068642454
31718.196382472604
18133.36655379858
25275.017495344182
23982.830071021846
12330.901420145588
15379.499291458931
24462.596795007874
31594.89211207327
15299.161942719671
10595.022064640803
16642.598256236608
57423.84296373967
10804.124909984022
9109.689607287748
24858.4015720311
15531.955033938964
20565.262884695065
25500.161581128512
6832.785687335963
27630.74935487933
13103.138816935072
13790.494162751997
12288.227514398226
11304.253305190958
11307.944606997742
31807.06408898469
47739.15889060976
51079.97281541682
7020.022394944434
7213.302697576506
8245.342314797821
4383.218120804103
22067.40768206546
12088.649518663799
10636.39803201695
6266.843314728207
2003.9914846834943
27260.957374598533
8010.327544506838
9524.1338041509
5337.173084251266
53422.26169684141
7237.316069357647
36996.88480883638
9762.131846713715
16929.632187521078
24101.288219349495
7639.919708002821
21522.39778261057
13637.121856256861
14800.737545131986
21113.60624877601
15346.637730221139
23847.358838881133
5783.350830944564
9869.367756278129
18501.050162043426
12213.392412954887
6501.7310967335525
6741.9294993823705
25517.06722996346
25345.822286163566
8516.879294545208
19680.25539411656
11541.436551275561
8693.955090495876
21976.285851721386
32080.401739908277
11023.00073696508
34327.29112029881
23507.88324956476
1614.5987242331908
6415.944615759035
15420.148703169669
11856.115069875887
3190.0216316500346
16222.244408678282
17754.242761149977
3935.998617809431
17631.997713496425
59280.08383032286
10700.628052676646
16852.198158302894
8542.623544517117
15404.459613096285
9499.282904898915
3989.1523299030023
14456.064831254153
30680.22378958108
34440.30948298139
11645.468328820927
14130.839487144378
12749.782686248414
15865.38691801441
4943.51261319877
20200.745856458034
6146.539017157808
11205.731989057587
7785.103804239162
13148.875829597151
22023.468327360762
19516.491900486188
1838.405056143251
20007.146390091413
35433.483434450354
3703.2594633254207
3117.3179994673733
19470.12234494962
52105.90480880397
10801.422091717399
9868.132555675858
9897.218937419797
16485.559891724086
13220.282318343985
7286.652203559513
7924.237279490437
12919.57645953592
13139.35251542973
12715.454510943302
2884.960838897451
18142.34086272474
10889.516236492766
45487.34317292292
8202.497253476571
29167.90387809937
7763.839304863235
9736.501712270718
16255.491558227048
28706.68268384289
27609.207861774215
9622.01688880533
11590.22142293473
6881.156655445995
10606.510279238166
9247.476606622924
32566.911335392626
33370.709723942884
16283.862467582956
8194.64577019981
28067.753822674735
20522.7680706756
16153.715888021141
9215.597781231108
12386.499135385737
14939.12689219353
16125.414028366264
6794.640494829754
14494.459006938463
15305.368379596488
21131.16642622605
10331.131803642385
4520.543173093916
11636.196477780868
19224.427968512122
9173.103430449644
7957.0706229365
18495.632930282824
28676.42032372431
11896.355050541859
8706.222071514341
9832.698221924711
7928.915187300773
36486.119674408656
3347.4482343133395
9568.047657735422
13551.627694940744
14092.222422405452
3511.824980677483
14008.147617587618
8737.585939937899
8989.961886731975
1136.1091648852257
19552.869410999265
6942.690559907274
35244.41991165609
9010.364424124684
11599.943401762117
23330.171839583767
24492.70032444784
6737.483039120764
11151.569527722837
8802.187859572921
16268.953190377622
17490.74455870023
16333.456948997877
13894.088261617584
9985.96936596501
20032.132261929815
28098.17105619436
3216.52238279713
10364.080424258644
13765.997042269455
9627.562073378145
16431.511392395365
9713.659397732039
8638.616129446338
11908.88396321955
7047.2358627886915
32253.83738006223
11792.314240714446
5172.944021630292
17775.07658583109
16047.932527334935
11307.391691193774
58682.24004580272
8985.644255888206
9902.362448573977
23216.56690304374
30127.901468673703
20191.29453565451
10287.160945056663
87244.3946375685
9953.457712560346
25360.755129637048
21668.349360661767
4007.2658431510226
12993.257081942269
14737.660917439216
16553.28120555051
5604.359405051397
6061.508639034741
66736.87603922618
3681.5499579670577
9173.153829074397
2953.9552378634576
2878.397734685493
10733.92470917556
19921.520347619742
3592.855383060738
45461.56685619714
9261.19639171787
25541.610443561418
8667.389975563041
3367.5699861364897
15640.698538864046
4852.298154226521
4067.0526573197776
12856.857328452399
34485.710359343975
12368.158248052821
5938.884846471759
17964.57820408407
13941.526026292244
8188.959567190757
19410.605131108197
5886.467477112212
6714.61695940474
5797.392955128107
13195.836545917698
12324.296624397535
2940.09199457351
17056.381207386185
24208.83246093054
14991.947127161802
5016.630400220452
6952.445196317789
16776.251433024576
10357.2608294824
8294.421475889845
7796.391620522896
21461.25867430458
25973.961973767877
20702.46262757539
16452.85414958147
11644.149419686086
17240.32231282973
18251.30006458967
5416.1802296727
24362.365973235617
7329.449814712706
15591.946429910078
2023.1980492852188
3104.979559326496
12310.893656165166
13255.306929408971
27710.173850741463
10444.559790630672
12058.951979671298
9190.679100013202
11317.892148301293
3936.0673112834625
5585.377690014925
39889.54440485253
27619.284741626936
21879.534835604376
3206.5579594565893
30416.40761463594
10844.876078964962
5998.508251116848
13520.905563165275
3054.9160060638937
24344.80446824393
2311.3280658011745
7929.026101238352
11187.87821917979
8106.130838014803
5794.344656707813
1488.5956331308864
13822.352480037851
5149.920383393407
30291.89324022349
21677.790307317846
23621.30428482074
15987.738774704494
21071.055956310418
11287.983069707181
9422.456499161572
5965.948671653086
15070.05019249762
10645.126674114732
24719.74698955015
28588.60691241892
11641.163260560103
16200.250281473272
30464.55854764154
16808.616608553846
28610.51861384117
11715.214063894873
3950.518585319277
48013.265671744106
8740.84839446897
14504.434203994437
9772.31243868435
26150.77711550799
17426.660621665724
9856.959318823552
3954.1884508842213
37966.50414876523
21608.302323135493
13182.729818040105
2214.987685916563
8047.603770991388
6911.496588569039
4513.932303655577
8426.056759058321
8878.40798909832
16318.553650836844
28264.409168453363
4972.253906285533
11494.890596793848
9482.361765027139
39676.997710860305
2418.9866287039013
26605.36201676147
2973.992979208654
70844.00095289196
8766.085220081031
9185.299952939373
24347.212888773156
14150.296613033686
9730.243586458046
10961.357676940504
2431.5656813064415
13500.864082337037
10547.673241089353
19444.416495243197
8589.8351231224
7119.232967619638
11325.963058268548
31552.941020532435
11485.542835036546
40733.88175911273
12453.599324978713
23478.75742323358
10334.045834769078
7174.190040602972
17583.404632220227
28407.29030934784
1727.849655906952
19220.77445590913
8825.313189167902
35168.28967940902
13191.49604707497
13581.419651125112
4711.187497454476
14680.16828778892
5913.879810041745
14144.858435593307
29949.071501525003
12481.278954130747
7221.899462581787
21113.015157460864
12970.902823118939
9488.525924241361
12016.411279971006
28901.1644453323
6574.508513461315
12470.813061839563
7939.038813102679
4457.145233489321
9428.01899119368
16716.517600799365
10869.479418905537
7102.278626829281
11805.122872985023
16497.80212857006
20238.138518312193
9484.19804196707
10345.49626572981
38777.013561560096
41077.73497655366
20322.263003778622
23687.431785237102
19940.64382209793
19054.13912001177
6169.631128293675
21947.720213073015
19633.187692068353
19417.333259120016
29048.571554520182
2779.847047775459
7746.251179361388
16506.624409683136
7463.933345840371
11181.183362686446
25851.70339816768
2077.122216010809
6535.151789893159
42907.11891803478
11564.880630749394
18208.641640846516
8929.473677775832
17087.356301462572
24122.053066249682
5227.78568738943
18333.0903928548
26505.83675266954
26336.574338336126
20588.819586459646
5051.5132159865525
31814.304261825153
2271.253495041076
3170.7692196815565
2259.2357770401877
5624.841651436509
42496.437486006755
12358.41586768419
13428.428525497402
14051.299220011353
30518.387274742076
6873.486231198584
19302.32479655143
9609.08324846446
20498.356350403137
5051.939456415221
3646.9255067454556
17276.163419800683
26610.433916719463
2872.59535872776
12385.79992230591
8049.24824442254
21499.70923841578
8890.903708076166
7135.926373874479
7777.281668728586
21437.618938085583
2991.8977238011
35808.94838815374
26136.629830846072
22892.20455186635
6594.339954151772
9817.271931249761
10661.852211292307
16964.337065271633
3247.8335467946613
15245.274796903437
6291.5175782718225
35995.42738424563
14834.7713581515
5933.782528419537
11411.272975099826
43127.73794232887
10516.70145176935
14792.63835745291
15123.612089623872
2692.363362684329
3721.510688321039
13723.263553362087
26309.104840375116
11499.608832572365
8853.33218869559
11154.65816570839
5704.940041775401
14042.0620412211
4450.291602871602
6689.423136749246
8244.671053047363
9458.141031751475
7293.843030315254
4828.705537239238
8964.080526712374
13427.38802930007
4394.754969293262
14646.621587063884
8486.43031939343
2037.5397614602957
5025.558797146076
9681.490640551663
5089.946496609469
15363.95133457904
14262.315291366393
7447.4584368288615
5871.616974726594
5659.77804858223
29712.634046661868
6654.968561204803
19637.826905586637
16636.581477287007
26935.52140289786
69459.01239879368
15690.91451936187
11049.908244130092
16547.30895136555
11272.515052652603
9178.883928630654
3397.0717481739052
17394.149968941896
4858.377214847828
53121.777417727826
26603.08098056308
24903.518964521445
9950.835451802343
12162.458863167496
42003.47056146632
6947.213872063097
9172.127886519642
10558.11967841035
28929.207686376118
20995.66463539298
34523.74264266412
15086.734126044179
13769.437376827276
7968.5760902878565
12708.724550552133
4641.690331313786
41075.752176958624
38734.0752646383
20686.294357851442
8483.912882640689
6252.972232006898
8009.197561203605
9366.971617361714
19692.58091633413
1043.4274882769364
6703.263383958645
9944.783239990044
1716.599260001708
9136.286250169776
22516.03161263766
5707.492292622237
31309.927587128197
9913.004307957279
9463.791401204993
5285.994060977659
7413.279906585035
9832.629278447708
3349.363844342697
11410.792759394822
26566.633010192232
3733.5421867339965
8169.877523595563
3839.1243576437246
6469.741566264124
34456.33721578973
22399.39720202949
8605.029789162967
9647.017239681436
9428.60539178151
11972.715427443933
10324.503640306655
11767.00096518937
11512.121415650441
11349.01382286418
7107.472887264193
8907.640271454473
24301.438893518134
15381.95149310061
17722.018366563636
6305.939474372826
4820.636017803847
8142.566757272703
12219.995407247588
24027.375766305973
35544.381221485375
24206.40642377852
6523.435288592808
40758.676174666674
10739.883038169539
39166.46900999074
31881.233720728098
16530.26961426806
29102.665964757543
48885.744139670765
10965.651198735495
10089.177304229415
21328.565840971107
13587.12099300464
10245.346555024711
12792.68956240372
17166.563140673567
6962.782759116818
35598.735871390956
7534.952133167287
4923.480280277436
23506.52167324059
9602.875299103565
12545.331911516178
41184.449198646
12118.38018204111
11802.31752558654
10773.945566566275
4407.325454585091
10329.709718748338
11935.845934176059
5123.883258922571
19132.881976875546
16965.083599905385
18281.922947738487
12888.984831196813
42936.5482733447
17157.23366447519
17110.26444997189
5693.663838313188
12873.379891490113
9773.279727771664
47236.362352097596
17729.068365348772
8061.883899210176
9878.109132987885
9217.843500098374
22126.7062353926
10720.081938572666
11350.065361353747
25932.961977115476
6887.29359284147
13141.675253841047
71366.18677129148
35562.28451946774
11550.224232912258
16727.93170022301
4694.174819847072
7866.260165363556
13253.131851601805
10824.321457109201
21931.690582760293
15135.189893052486
20324.010572637726
16575.913567177544
5891.036494811865
9381.853834032225
7654.820615488047
3096.3884371582208
10242.915990256315
3353.257848487217
23456.574804233835
13056.28708192605
9764.14841200686
3807.235502232127
30756.965261120276
5259.505301699373
9091.05425950755
7565.42025684195
7087.708874756057
4286.812002102174
7293.587178201211
16243.217532425655
14995.209625089707
10864.946551117559
35394.28384011676
18498.356053734864
9270.349697471183
3432.077927168219
6193.72499843992
8614.124977654226
11183.05860394165
14964.137803572816
17623.523436898584
2160.3004494735405
15057.260184809802
27163.573604407862
34805.000971505906
17481.6551400572
14824.504508668057
5770.651997494909
9179.323976170463
40594.090884460944
30435.433735031576
16078.927741297344
28374.38017302707
24220.10397455675
11068.014048373965
9655.488572654429
21691.646670025653
53051.94449433422
17858.060386078523
7039.243230627619
17792.49803525494
7567.138411428677
12899.63859151555
3567.1047834744722
6563.501720498449
27394.2717372934
2955.269157426167
11248.964890040666
7565.7412472420265
57535.4761705751
6938.47902457641
23280.843395577154
9219.315829750807
29728.587704249472
7621.281923821991
9155.748712138737
18161.143554835602
24133.526958080165
16152.01794813467
11539.801129538273
10382.767831170406
7535.404970241241
23498.93696913836
19017.81303177328
2220.8216182455467
13684.579509185804
37148.42763666079
2202.822380536204
6919.611506976777
22379.558680732454
18215.905213162452
23674.26775036059
11314.89240109104
3709.3454018252914
24767.50732686027
25443.205934036934
21084.2300302175
7343.660561264401
9520.413559516617
11428.673216555544
42946.68299191865
17617.70856357788
8396.519075439735
24865.216266797655
4426.545635521266
11297.527761751437
28472.12580395282
10440.123209021158
6684.2446496732855
29719.121978723862
15214.14918475267
18982.63614965849
7537.4694338682975
17641.794826864323
7797.585218193976
9694.57520030668
14230.868689869476
33105.2674381339
13400.921125867328
42782.13773304085
33279.84809517339
17985.002057046033
9710.760743064531
22574.13226837695
4978.542310608787
13327.80121073722
11569.138372298077
12826.36692698306
5866.387082409175
14125.97076577696
11799.919522513896
18089.283056620214
4748.1077735885865
20439.024951173786
10479.57044806188
16267.409838498892
56002.063539065544
7326.084642495066
17594.91567659808
19310.62506428287
25260.757053780522
19853.002939465816
13077.968291556039
19424.427122952005
2202.9817264732696
12945.08222742304
9024.818886520554
20972.45240919376
13826.959054975416
15760.164657286618
5541.054636465696
20123.243927591026
12097.919786606608
8135.034854492698
20096.01527107894
12630.02576541993
4895.167501403588
22004.17345941834
11975.884763169914
2948.9245242463244
9331.107136494667
27482.09122552659
6411.787588496492
4655.017967062147
7490.356634557327
4410.128313315432
13233.542431462656
13921.34868074766
71312.63603296208
14535.323380552967
19744.434059451964
10003.270622945509
2821.588190599718
8548.938111739033
10255.960931941338
4967.873563175715
34309.38137810479
50879.69592596256
33779.077188138275
9074.988413482504
15053.731797879977
26751.703883369246
19457.458314034193
10455.93160717354
9958.489168821894
41708.96740898744
27143.15633554033
20498.73349810834
9259.53221624649
17650.036208446632
5431.982888495657
7364.579806199027
8003.741803511877
15361.351171510734
13057.038249478104
40073.777557405054
15117.42964935526
12004.485881037026
16490.91546043643
27399.995266429563
9056.85560757546
11708.551940611776
6525.219555842647
31813.483119264158
11352.423605992592
238.17997044058032
12367.073438222806
6991.472919518467
30230.627519544112
15709.648349129324
34964.631385806504
9606.782390100969
14364.986764357951
28418.110524890886
18283.15815455608
44337.715919544244
19041.44730320993
6747.715823407667
9999.693964410004
6565.082709428639
23407.050844292833
64901.43295370796
18233.774209404866
23166.28834841255
40458.024394971326
12388.399640231786
3098.5444474407245
4745.165783415243
3440.52429744882
8437.101180899894
14616.96621338174
5800.681443341409
3714.432658407643
9198.639851772963
24425.175970478555
19218.28959856818
19354.13997610644
15497.736562720933
8344.149651932426
37197.879117198914
4725.719119475232
16183.546460957728
28325.452363088265
14305.837901045985
24149.518515588778
14609.131570023324
14894.481197466366
12411.325061603731
10137.66716402237
10532.921200321987
6336.281468601003
8908.710233641015
