1.9250144455753337
4.085334024888347
1.960101994791875
1.382965898447384
1.8859678115726473
3.4654170091521364
1.9570804791933254
2.3030363919060095
3.7460941522036832
3.58467564868664
1.5732541373920839
4.187598335281141
0.7045199333014908
2.282553697337487
1.8584978899986841
2.828206659894718
1.6649120549509457
1.9202060308530715
1.8506607811669287
1.1916198065804733
4.8214832450578715
2.5582454680730207
2.627981825129001
2.3244740852493844
3.1382704145326628
1.29877983585612
1.5417213457603616
1.8656600170719873
2.014815337135954
1.0890762986475004
0.9211660412062671
2.891036362477185
4.69964999883446
1.3114207316712607
4.2801278133275025
1.411048375047882
3.1098862131793723
2.55700690500537
1.6449819640160384
0.9169894523923104
1.25459649277898
0.7902370048960642
0.4785704976139805
1.654094934577319
1.9616580583508922
2.3970326086206977
2.020456507644308
0.9292180221961864
3.528489229904928
2.4613431601860425
3.1537721968339825
1.6956609660277804
0.7308434466196733
0.7199065775331323
4.3989182325908445
1.13266646299412
2.5346104282052506
0.9014127652617764
2.6000413482371285
2.627214018088131
2.011162130198228
2.6865040857651388
1.995709418090038
1.9878918690546523
2.015635574169966
1.301961001395207
1.305602329752775
1.8530816612699588
1.9887345228521216
2.2742532678103937
1.6608678401374304
0.466540898473371
2.4590450060204057
0.8366755138071847
0.5850705203826879
2.2269639896407565
1.843834179107829
3.11402802697053
4.012131017186711
2.34462225008617
1.93321978960924
1.9571561994292512
2.2204395344023853
2.6902982227699073
0.7274818152094567
2.4421749836115727
3.791723964419205
0.8181481664226954
6.963593484570678
2.672781886732254
2.1443783370729337
1.0662320986691816
1.4544369087070002
4.76177046640568
0.9691671082018988
2.2053593008170553
1.659851517331208
2.3141408846052958
0.9144666953355135
1.7962695204786339
2.230216396276451
1.7965714269900832
1.4801744995654802
1.3154124472082662
3.7329024258301775
1.1888430541146455
3.115513937647427
4.303775922759604
1.3933631270520181
1.8049346103727115
1.0915597621808335
5.145326973176642
3.5379909487650987
2.2238019865012557
2.926532629601368
2.801634062249609
1.6223252090086058
1.9427813205631888
2.8481075668557256
3.5264443215737673
1.934474494413858
1.4341029883745033
2.072538006401347
5.857904218613101
1.4570415486213575
1.2687277185820374
2.8863575458944304
1.9585267976486493
2.466779371890908
2.9482077122048156
1.0048911702176861
3.152136494268109
1.704598888488202
1.7771654532661845
1.617754369052314
1.5115971898882432
1.5119982840751378
3.5463094546470004
5.000675678962147
5.298239386958987
1.0271679667544298
1.0500408805166186
1.170247063031014
0.6999318561286142
2.6148253227075395
1.5963420770623216
1.4386481495711134
0.9367949905623772
0.36395494531196354
3.116890406579425
1.1431414031618532
1.315328949244484
0.8221053234390722
5.505657563587397
1.0528741564107773
4.02758024101408
1.341923208437889
2.101813560636977
2.813120067289771
1.100108460266571
2.561276679050704
1.7610249349741263
1.882785056947484
2.5209896711610953
1.9393842690230563
2.7884892012280824
0.877624298650945
1.3538676743094977
2.260824005586371
1.6097323243898578
0.9652018541585392
0.9940377635124946
2.949834247025343
2.9333518490795254
1.2013838880217935
2.378855822699228
1.537324257739581
1.2215884843106275
2.6058850731257293
3.5718778197956316
1.4809697146989065
3.7810893499427642
2.755505904455099
0.3021492074877237
0.9548514854653347
1.9469818907779832
1.5713191049789266
0.5384992046131939
2.0295272691470365
2.1855133252008234
0.6407181661208522
2.173142054881722
6.020462489918035
1.4456977238553708
2.0939231652537047
1.204326185504607
1.9453608366548025
1.31254519595008
0.6478299524217868
1.8468818918264427
3.440619273367665
3.791568909140995
1.5485800184950538
1.812880707021329
1.6670544637126365
1.9928810944172572
0.7723062554165022
2.4306311412605983
0.9221621605386234
1.5008836129790932
1.1170222858412433
1.709446318709592
2.6105149241751593
2.3625257562137745
0.33800832728159347
2.411395236801689
3.8834884733706607
0.6093253674322661
0.5282700250472917
2.3578983775079556
5.38920693627174
1.4567455460429968
1.3537302244171645
1.3569660645135737
2.0564891598486503
1.7170088471447436
1.0586894230934771
1.1331743650293735
1.68511617997873
1.708437218248488
1.6633980382034435
0.4952162692530279
2.2247068992427614
1.4663866871274363
4.798874179690006
1.1653165347092838
3.298021470712304
1.114548815126044
1.339064918589123
2.0329351984281354
3.254352284153761
3.1500849502610593
1.3262808983033618
1.5426046923786836
1.0106576743402291
1.4353652825546346
1.2842629592697052
3.61732190208137
3.6922261500759204
2.0358424653496794
1.164412472706774
3.1937120640414753
2.462569913353945
2.02249955790976
1.2806724684828086
1.6282763871613217
1.8971635784897694
2.019595838905122
1.0003379888516482
1.8508878547801224
1.9351164752030527
2.52272245171826
1.4050407127157734
0.7178458800681667
1.5475775415295623
2.333353398452783
1.275882822197125
1.1369780507808491
2.260279324477751
3.2514839493025858
1.5756551780654167
1.2229853040647924
1.3497858706865613
1.1337164764101912
3.9805842021670967
0.5604744794599659
1.3202448894952294
1.7520151035388614
1.8088352452270924
0.583177826403988
1.8000216015146422
1.2265549893307812
1.2551935864819919
0.2218770032925401
2.366154900658429
1.0179817575910868
3.86601388001914
1.25750224148499
1.543656539858474
2.7382142584515536
2.851019569020236
0.9935058560639549
1.4949869021394255
1.2339001789215605
2.034314754813743
2.15883142619613
2.0409227488790815
1.7880511662319565
1.3668290114507493
2.4138792820043444
3.196602837197673
0.5422149307317665
1.4086764173276654
1.7745893762206777
1.3269007341767767
2.050960256563013
1.3365163881844984
1.2152825587468785
1.5770047310009068
1.030395867717739
3.588087600258115
1.5644391352030644
0.8014278191189278
2.1876204709461424
2.0116424177187056
1.5119382060709665
5.9681626108498795
1.2547048999825154
1.3575380994804536
2.7271510650062756
3.388642982077948
2.4296926684090456
1.4001855744712435
8.418939317853349
1.3632177744167953
2.9347897165191763
2.5756348221911063
0.6502487321398527
1.6929417953226342
1.8762245008008895
2.063412878409101
0.8554632488993317
0.9117844924901866
6.668659792145527
0.6063753525942254
1.2758885051571562
0.5050903486385133
0.49427430008609013
1.449349296269926
2.402879147205622
0.5942829223229927
4.796558091445354
1.2858075128747692
2.9521953621020223
1.218562301704826
0.5632666453640607
1.9697432008327591
0.7606490713077333
0.65821545306415
1.6784490289208793
3.795777537758158
1.626313670482139
0.8967659071408535
2.206770226916734
1.79303161605907
1.1637576302186274
2.3519566508595826
0.8903265799647208
0.9907693933382686
0.8793567947518457
1.7144205898954872
1.6216179358066682
0.5031104414621411
2.1147174739453196
2.823541362656286
1.9026460705206947
0.7816176037158147
1.019141619054488
2.0861790612262023
1.4079240788149354
1.1758890484887716
1.1183347480336556
2.5552580822492055
2.99374068460504
2.480361860048506
2.0531438454041098
1.5484374256666689
2.133418614321723
2.2356884715576117
0.8320049621296327
2.8384085411015425
1.063727746282775
1.9647161248561549
0.36693464347217436
0.5265288418341725
1.6201824878804876
1.7207158117739312
3.159698887212476
1.4175483459126825
1.5931508627495579
1.277864312095699
1.513079065163717
0.6407273705885534
0.8531045476313589
4.292372273817601
3.151044665778672
2.5963869862304634
0.5408185941099611
3.415807286970124
1.461502907564353
0.9040762739063192
1.7487752093484374
0.5194481816304678
2.836708627768101
0.4109466460115082
1.13372932921429
1.498940400928894
1.1542089726294404
0.878980774158094
0.2815209594814666
1.780514526610021
0.7985179995446599
3.40408752868092
2.576563127553755
2.7665328525284227
2.005459546058339
2.516790120891322
1.5098290104440284
1.303930869047181
0.9000860375059211
1.9107473028419286
1.4396065982323865
2.872967339518323
3.2431586526820855
1.548114569292613
2.027272226460336
3.4203378547754637
2.089479899444906
3.2452363269625577
1.5561166353201985
0.6426629640808711
5.0251704508619
1.2269261692954763
1.8519283712415
1.3430581806331265
3.0107053073592662
2.152333347563248
1.3524867558387117
0.6431542562945496
4.116592122733351
2.5697292429857765
1.7130325615916409
0.3963693002203458
1.147450678391635
1.0142705083882553
0.7169862147203581
1.1909904606916775
1.242553505695673
2.039396352868836
3.212394728925153
0.7759698528746345
1.5322826228795885
1.3106489651127902
4.272991749737296
0.42708187250822005
3.054253256138568
0.507948461198262
7.022699044238048
1.2297965750955577
1.2772579380761822
2.836941766907566
1.8149183392886545
1.3383668028721813
1.4742391005608257
0.4289568486911244
1.746661035949974
1.4288978952305154
2.3553324267692295
1.2097176662945046
1.0389239014837073
1.5139558344285013
3.522514637851243
1.5312696995077602
4.369247513829508
1.6354528887700508
2.7526731078399456
1.4053623428337094
1.0454221074860368
2.1682209080941117
3.22595849278642
0.3204139563076011
2.3329880746657623
1.2365270764839782
3.8589742955199107
1.7139609473389636
1.7551557740353287
0.7425222756259086
1.8702409055110656
0.8936955754386801
1.8143488752029053
3.3717892057697663
1.6384114123456412
1.0510554031689128
2.5209313407469875
1.6905683190373633
1.311339809204729
1.5885772627442254
3.27277671799311
0.9739610613639882
1.6372928984960378
1.1348894693787135
0.7095904751072853
1.3045550024151908
2.0800844622236676
1.4641950240275607
1.036917203198704
1.5658208582454949
2.0577411028385497
2.4343434571843905
1.3108547731552667
1.4066260054658897
4.190798622771071
4.400503563622039
2.442691759956
2.77295860116491
2.4047815530627012
2.316315208610637
0.9249753926123462
2.603081367925711
2.374164335427401
2.352628463615708
3.2867311878097745
0.48007214699648487
1.112501992086749
2.058643219998173
1.0795225416298186
1.4982115925476882
2.9820018080440995
0.3752685596110853
0.9692266774213409
4.566313326011344
1.5398622980994203
2.2313902349418675
1.24834333562718
2.1178687755377053
2.815132709115996
0.8083479332306419
2.2439255359627435
3.0447272388679987
3.028515811722738
2.469112332487469
0.7860496493361544
3.546987050841562
0.4048991810771439
0.5357955078002782
0.4030811631860977
0.8580065427818778
4.529159369088602
1.6252709108133252
1.7390155901011517
1.804546273610781
3.425401613577734
1.0097437906389888
2.341140140842661
1.3248349366887984
2.4601511826161366
0.7861037651452619
0.6016624434626794
2.1370590954506166
3.0547385884420337
0.49344112003792845
1.628201570998428
1.147640698106966
2.559043470078389
1.2439708385691186
1.0408987957875104
1.1161125721972585
2.5529303303175537
0.5104987373547312
3.918159473248915
3.009348484053073
2.6955235601594842
0.976344506546843
1.3480679060884704
1.4414427627286444
2.1053481800332237
0.5465964343239067
1.9288988280536044
0.9397890670222679
3.9353634968889786
1.886323075059693
0.8961396175265771
1.5232168144350546
4.586256414918119
1.425490928574463
1.881942910961316
1.916299236006201
0.4673717885871602
0.6118025089913542
1.7700938338476722
3.0258836088358994
1.5327938375949195
1.2397081565638863
1.4953232968045305
0.8679339976594785
1.8035778930840198
0.708696510486843
0.9877522018237607
1.1701698529578404
1.3079336530677392
1.0595363628925167
0.7576263512986103
1.2522635833394278
1.7389057191354795
0.7014414603628139
1.8667478086138707
1.1979017374262715
0.3691556977471173
0.7827526253698315
1.332925471351857
0.7909252839702265
1.9411741960216295
1.8266407914063356
1.0775906009622689
0.8885000919451731
0.862340175959789
3.3494871758288927
0.9836222624481618
2.374626821184152
2.0719235300686645
3.085821782112159
6.903530921027314
1.9749187139595632
1.4839056220465952
2.062802456212984
1.5081476078067113
1.2765345951636253
0.5673537690266082
2.1490354355852848
0.7614274198350723
5.47910150101016
3.0540349789343266
2.890712528367115
1.3629264147305962
1.6042677498299316
4.484508960141602
1.0185196358892608
1.2757728185216999
1.4300466313487201
3.2754321462589746
2.5093464020172953
3.799302601466769
1.9124769958940904
1.774951200436094
1.138310228650556
1.6626810140582564
0.7335521306531106
4.400323411942593
4.186871836536958
2.4787618887439953
1.1976137381225114
0.9351107640238758
1.1430107131032632
1.2977015746842222
2.3800841099981183
0.2056586807448108
0.9894099794431203
1.362253900459981
0.31861070620351983
1.2717297774946539
2.658768458515982
0.868249847505994
3.499738359299657
1.3587214639496166
1.3085672113206261
0.8156761301509423
1.0735799761580442
1.349778193801198
0.5607404555784345
1.5231647168831464
3.050546869803714
0.6134340192905917
1.1615594465851629
0.6277022765848911
0.9613454753100661
3.793054742950121
2.647355536875137
1.2114516912445017
1.3290749065698446
1.3046207949575335
1.5838766423730977
1.404309083386663
1.5617077361958394
1.5341493868660627
1.5164593258960453
1.0375320907549805
1.245868614219798
2.832510246592381
1.943034771086138
2.1822534153847086
0.9415379737561195
0.7565917486619642
1.158411647596524
1.610440469724149
2.8059542063916743
3.8937333726510013
2.8233063414005115
0.9678161431790597
4.3715022905778325
1.4500025250131674
4.226392659766096
3.5532499909239053
2.061060688903711
3.291849887216745
5.103039396133934
1.4747081084632234
1.378279009874759
2.542187532676037
1.7557566835272491
1.395565146296754
1.671622365109948
2.125923155611076
1.0203704404154192
3.898753374266374
1.0878411415754894
0.7697500888511449
2.7553734871064592
1.3241407724779577
1.6452535219653783
4.4101978991342845
1.5995355365519333
1.5655182548313415
1.453735687891814
0.7030853398603228
1.4048837472472038
1.5799081324821191
0.7952240037868857
2.3241964922128293
2.10542420117775
2.238773113963843
1.6818649013581337
4.5689742709183205
2.1249747476672924
2.120198826932186
0.8665381772165103
1.6802059215568772
1.3431660067529905
4.955705951439887
2.182966687267059
1.1491005076658798
1.3548403038745298
1.2809254765721068
2.620640586700922
1.4478314295961456
1.5165735103630118
2.9898047934370995
1.0113887066933929
1.7086833490411282
7.067573132827763
3.8953869560551078
1.5382757088569319
2.0812492860553022
0.7403290566909323
1.1264504374241808
1.7204856503671897
1.4592529920836563
2.601507848367727
1.9174989265994857
2.442865132869229
2.0657258246317407
0.8908883397778256
1.299373059889147
1.1018472415931513
0.5253155725129243
1.3952964700849908
0.5612810216947569
2.7505152973598843
1.69963045627876
1.3421480398982488
0.6234020404794173
3.4478319234789416
0.812343424471314
1.2666233212066267
1.0914052724826655
1.0351919875730926
0.6872830940956989
1.0595062312867305
2.031677198079183
1.902984603830616
1.4636991136561524
3.879866264218854
2.26055312659549
1.2868377463833371
0.5721933197134325
0.9279083753542133
1.2124893662285243
1.4984157406343757
1.899759968827572
2.1722839868185995
0.3880339212548916
1.9094211080617605
3.1075983757483496
3.8253572121342385
2.1579099778530098
1.885255908358447
0.8760567857954182
1.276584209103006
4.356532221660208
3.417597577952123
2.014824752402789
3.2228350803078443
2.824633244648222
1.4858804717046659
1.3300213559221281
2.5779254896855046
5.472927648463245
2.19600991468283
1.0294480848654355
2.1893822088663906
1.091606177486826
1.6829973263692162
0.5907598814959665
0.9726375843267794
3.1296039814395176
0.5052778922432114
1.505586901057092
1.091442806784052
5.867694915264668
1.0174808909509843
2.733411392887718
1.2810913466530638
3.3509926961220873
1.0979327007593818
1.273925559919229
2.2266026328569195
2.81624472274738
2.0223253741447302
1.5371471753938226
1.4107375675871832
1.087894134453586
2.7546358333324235
2.312677800233527
0.3972558742640127
1.7660223556342276
4.041509454182426
0.39451893784853637
1.0152362862838167
2.645413495405273
2.2321222113870727
2.771679614760935
1.512753165571101
0.6101516771366737
2.8775807791781025
2.9427268351792724
2.5180904766570524
1.065399423833882
1.3149122978950807
1.5251042763525127
4.56989058617832
2.1716951631503183
1.187605740325573
2.887015404575593
0.7055968588019496
1.5108663395380355
3.2321105291417864
1.4170595775703538
0.9871317488382888
3.350099443291878
1.9256768943978624
2.309154515145302
1.088135718743257
2.174133991999163
1.118473509204547
1.3343863263443947
1.8233514665844175
3.6675142115748756
1.7361104895188064
4.555010542098059
3.6837698281150404
2.208832354587861
1.336192906553301
2.664450740292505
0.7767708217543356
1.7283834832242913
1.540323144486477
1.6752059226612428
0.8878566319284568
1.8123707643666713
1.5652595806607645
2.219355936240496
0.7472760832340963
2.4542709056735488
1.4214041140811862
2.0341565999219244
5.733040976081445
1.0633317923318117
2.169386841972273
2.3419695897161468
2.925158903666609
2.3960609080537854
1.701930019212993
2.3533367597140544
0.3945431888055838
1.6878259701411835
1.2591372575032553
2.5070538109943965
1.7809986859040958
1.982051827641998
0.8475903638542157
2.4229337308781216
1.5973379651348685
1.1575431791215276
2.42022842073131
1.6542916283603517
0.7661335340567687
2.6086217500849234
1.5842176832440977
0.5043721145424033
1.293671493591922
3.1379746307918697
0.9543492212094365
0.7352745808690784
1.0826193540288105
0.7034517394646038
1.718412469575177
1.7909135449674367
7.062972642823531
1.8551497192024873
2.385250290491431
1.36874989613834
0.4861007861533874
1.205047620504983
1.396738334378971
0.775411790831755
3.7794283073198636
5.280459311730912
3.730198507697015
1.264808448818815
1.9090552191524999
3.068252024575798
2.3566343177299185
1.418800987116378
1.3637767817199042
4.457806851831721
3.1056496921562404
2.4601885537404686
1.285620184689135
2.1749683518149006
0.8339813950731702
1.0678591041047583
1.142379669054856
1.9409054040278368
1.6997101373805954
4.309161729995985
1.915658553978534
1.5872946623465771
2.057036860197352
3.1301496319389988
1.2627593734780644
1.5553970653507025
0.9680309816960475
3.5469102023591197
1.516829580867519
0.05179586728900763
1.6261975663979138
1.0237789346791575
3.398318801745071
1.9768488673417846
3.840133718530764
1.3245776673728247
1.8373722938582628
3.2269853112341886
2.238897520562621
4.695437545097701
2.315044463056356
0.9947298470881146
1.3683528436091408
0.9728277127854104
2.7456968786975087
6.509786067774012
2.233922754122752
2.722252473513337
4.344151007415037
1.6284797386246577
0.5256201218705948
0.7468975677891729
0.5733593831669231
1.192255466596121
1.8636588570954717
0.8797623979127919
0.6108421634842237
1.2787615829321606
2.8444870833940863
2.3327396019510647
2.3463172201468003
1.95499482549932
1.1815992158421387
4.046053424217591
0.7443942990541114
2.0255592855610502
3.2181906336420303
1.8311913788696212
2.8177944577352263
1.8628426239389875
1.8925272116254472
1.6309323202021806
1.383651325132146
1.4272753564868703
0.9452148216986072
1.2459899158693952
